Bulk Composition:
index Pressure Temperature mass SiO2 TiO2 Al2O3 Fe2O3 Cr2O3 FeO MnO MgO NiO CoO CaO Na2O K2O P2O5 H2O CO2 
1 250.00 1190.61 100.600330 50.964 0.954271 14.7117 1.13639 0.0417494 8.60943 0.17495 8.39957 0.0109344 0 12.3956 2.23657 0.0467195 0.0646121 0.248508 0.00497016
2 250.00 1189.61 100.458413 50.9678 0.955619 14.6856 1.13834 0.0418083 8.62129 0.175197 8.41144 0.0109498 0 12.3903 2.23639 0.0467701 0.0647034 0.248859 0.00497718
3 250.00 1188.61 100.106268 50.9774 0.958981 14.6208 1.13443 0.0419554 8.65874 0.175813 8.44103 0.0109883 0 12.3775 2.2359 0.0468959 0.064931 0.249735 0.00499469
4 250.00 1187.61 98.599764 51.0667 0.973633 14.5217 1.14843 0.0425965 8.70205 0.176683 8.33176 0.0103154 0 12.4074 2.24675 0.0475032 0.0659231 0.25355 0.00507101
5 250.00 1186.61 97.754433 51.1118 0.982053 14.4422 1.15506 0.0429648 8.73931 0.177399 8.29854 0.0100416 0 12.4142 2.25124 0.0478437 0.0664931 0.255743 0.00511486
6 250.00 1185.61 96.925977 51.1566 0.990447 14.3633 1.16165 0.043332 8.77618 0.178104 8.26547 0.00977701 0 12.4211 2.25564 0.0481822 0.0670615 0.257929 0.00515858
7 250.00 1184.61 96.113894 51.2012 0.998815 14.2849 1.16821 0.0436982 8.81265 0.178798 8.23255 0.0095212 0 12.4283 2.25994 0.048519 0.0676281 0.260108 0.00520216
8 250.00 1183.61 95.317705 51.2455 1.00716 14.2069 1.17474 0.0440632 8.84873 0.179482 8.19978 0.00927383 0 12.4356 2.26414 0.0488539 0.068193 0.262281 0.00524562
9 250.00 1182.61 94.536498 51.2899 1.01548 14.1295 1.17651 0.0444273 8.88871 0.180157 8.16719 0.00903458 0 12.4432 2.26825 0.0491872 0.0687565 0.264448 0.00528896
10 250.00 1181.61 91.406594 51.293 1.04489 14.1867 1.19624 0.0459485 9.06063 0.186326 8.03191 0.00934393 0 12.2273 2.31688 0.0507448 0.0711108 0.273503 0.00547006
11 250.00 1180.61 90.148138 51.2996 1.05761 14.1664 1.20408 0.04659 9.14256 0.188927 8.00115 0.00947437 0 12.1436 2.33359 0.0513816 0.0721035 0.277321 0.00554643
12 250.00 1179.61 88.921456 51.306 1.07034 14.1461 1.21188 0.0472327 9.22415 0.191533 7.97029 0.00960507 0 12.0607 2.35017 0.0520183 0.0730982 0.281147 0.00562294
13 250.00 1178.61 87.725120 51.3122 1.08308 14.1259 1.21961 0.0478768 9.30543 0.194145 7.93929 0.00973606 0 11.9787 2.36662 0.0526551 0.0740951 0.284981 0.00569962
14 250.00 1177.61 86.557777 51.3181 1.09583 14.1056 1.2273 0.0485225 9.38638 0.196763 7.90816 0.00986736 0 11.8975 2.38295 0.0532922 0.0750943 0.288824 0.00577649
15 250.00 1176.61 85.417415 51.3242 1.10861 14.0854 1.22657 0.0491703 9.47466 0.19939 7.87693 0.0099991 0 11.8173 2.39918 0.0539302 0.0760969 0.29268 0.00585361
16 250.00 1175.61 83.780630 51.4263 1.12969 14.0021 1.24446 0.0501309 9.53083 0.200731 7.72116 0.00928725 0 11.8312 2.41726 0.0548384 0.0775836 0.298398 0.00596797
17 250.00 1174.61 82.621496 51.4508 1.14391 13.9698 1.25261 0.0508342 9.60654 0.203074 7.6669 0.00925236 0 11.7699 2.43344 0.0555211 0.078672 0.302585 0.00605169
18 250.00 1173.61 81.494286 51.4752 1.1581 13.9377 1.26069 0.0515374 9.68172 0.205409 7.61301 0.00921784 0 11.7092 2.44944 0.0562022 0.0797602 0.30677 0.0061354
19 250.00 1172.61 80.397664 51.4993 1.17227 13.9055 1.26869 0.0522403 9.75637 0.207736 7.55948 0.00918367 0 11.6491 2.46528 0.0568818 0.0808481 0.310954 0.00621909
20 250.00 1171.61 79.330371 51.5231 1.18642 13.8735 1.27664 0.0529432 9.83051 0.210056 7.50631 0.00914987 0 11.5895 2.48094 0.0575597 0.0819358 0.315138 0.00630276
21 250.00 1170.61 78.291211 51.5468 1.20054 13.8414 1.28451 0.0536459 9.90414 0.212368 7.45348 0.00911641 0 11.5305 2.49643 0.0582361 0.0830234 0.319321 0.00638641
22 250.00 1169.61 77.279057 51.5703 1.21464 13.8095 1.29232 0.0543485 9.97727 0.214672 7.401 0.00908331 0 11.4721 2.51177 0.058911 0.0841108 0.323503 0.00647006
23 250.00 1168.61 76.292837 51.5936 1.22872 13.7776 1.30007 0.055051 10.0499 0.21697 7.34886 0.00905056 0 11.4142 2.52694 0.0595845 0.085198 0.327685 0.0065537
24 250.00 1167.61 75.331536 51.6167 1.24279 13.7457 1.30776 0.0557535 10.122 0.219261 7.29705 0.00901816 0 11.3569 2.54195 0.0602565 0.0862852 0.331866 0.00663733
25 250.00 1166.61 74.394190 51.6396 1.25683 13.7139 1.31538 0.056456 10.1937 0.221545 7.24556 0.0089861 0 11.3001 2.55681 0.0609272 0.0873724 0.336048 0.00672095
26 250.00 1165.61 73.479885 51.6624 1.27085 13.6821 1.32295 0.0571585 10.2649 0.223822 7.1944 0.0089544 0 11.2439 2.57151 0.0615965 0.0884596 0.340229 0.00680458
27 250.00 1164.61 72.587751 51.6849 1.28486 13.6504 1.33046 0.057861 10.3356 0.226093 7.14356 0.00892304 0 11.1882 2.58606 0.0622644 0.0895468 0.344411 0.00688821
28 250.00 1163.61 71.716962 51.7073 1.29885 13.6187 1.33792 0.0585636 10.4058 0.228358 7.09304 0.00889203 0 11.133 2.60047 0.0629311 0.0906341 0.348593 0.00697185
29 250.00 1162.61 70.866732 51.7294 1.31282 13.5871 1.34532 0.0592662 10.4756 0.230616 7.04282 0.00886137 0 11.0783 2.61472 0.0635964 0.0917215 0.352775 0.0070555
30 250.00 1161.61 70.036311 51.7514 1.32678 13.5555 1.35266 0.0599689 10.545 0.232868 6.99291 0.00883106 0 11.0241 2.62884 0.0642606 0.092809 0.356958 0.00713915
31 250.00 1160.61 69.224987 51.7733 1.34073 13.524 1.35995 0.0606717 10.6138 0.235115 6.94329 0.00880111 0 10.9704 2.64281 0.0649235 0.0938967 0.361141 0.00722283
32 250.00 1159.61 68.432078 51.7949 1.35466 13.4925 1.36719 0.0613747 10.6823 0.237355 6.89397 0.00877152 0 10.9172 2.65664 0.0655853 0.0949847 0.365326 0.00730651
33 250.00 1158.61 67.656936 51.8164 1.36858 13.461 1.37438 0.0620779 10.7503 0.239591 6.84495 0.00874228 0 10.8645 2.67033 0.066246 0.0960729 0.369511 0.00739023
34 250.00 1157.61 66.898942 51.8377 1.38248 13.4295 1.38152 0.0627813 10.8178 0.24182 6.79621 0.00871341 0 10.8123 2.68389 0.0669055 0.0971615 0.373698 0.00747396
35 250.00 1156.61 66.157504 51.8588 1.39638 13.3981 1.38862 0.0634849 10.885 0.244045 6.74775 0.00868492 0 10.7605 2.69731 0.067564 0.0982504 0.377886 0.00755772
36 250.00 1155.61 65.432057 51.8798 1.41027 13.3668 1.39566 0.0641887 10.9517 0.246265 6.69957 0.0086568 0 10.7093 2.7106 0.0682214 0.0993397 0.382076 0.00764151
37 250.00 1154.61 64.722061 51.9006 1.42415 13.3354 1.40266 0.0648929 11.018 0.24848 6.65167 0.00862906 0 10.6585 2.72376 0.0688779 0.100429 0.386267 0.00772534
38 250.00 1153.61 64.026999 51.9212 1.43801 13.3041 1.40961 0.0655973 11.0838 0.25069 6.60404 0.00860172 0 10.6081 2.7368 0.0695334 0.10152 0.39046 0.00780921
39 250.00 1152.61 63.346375 51.9417 1.45188 13.2728 1.41652 0.0663021 11.1493 0.252896 6.55668 0.00857478 0 10.5582 2.74971 0.0701879 0.10261 0.394656 0.00789311
40 250.00 1151.61 62.679715 51.962 1.46573 13.2416 1.42338 0.0670073 11.2144 0.255098 6.50958 0.00854825 0 10.5088 2.76249 0.0708416 0.103702 0.398853 0.00797706
41 250.00 1150.61 62.026564 51.9821 1.47958 13.2104 1.43021 0.0677129 11.279 0.257296 6.46274 0.00852214 0 10.4598 2.77516 0.0714943 0.104794 0.403053 0.00806106
42 250.00 1149.61 61.386487 52.0021 1.49343 13.1792 1.43699 0.068419 11.3433 0.25949 6.41616 0.00849647 0 10.4113 2.7877 0.0721463 0.105886 0.407256 0.00814511
43 250.00 1148.61 60.759064 52.0219 1.50727 13.148 1.44373 0.0691255 11.4072 0.26168 6.36983 0.00847126 0 10.3632 2.80012 0.0727975 0.10698 0.411461 0.00822922
44 250.00 1147.61 60.143894 52.0416 1.52111 13.1169 1.45043 0.0698325 11.4706 0.263868 6.32375 0.00844651 0 10.3155 2.81243 0.0734479 0.108074 0.41567 0.0083134
45 250.00 1146.61 59.540590 52.0611 1.53495 13.0857 1.45709 0.0705401 11.5337 0.266052 6.27792 0.00842226 0 10.2683 2.82463 0.0740977 0.109169 0.419882 0.00839763
46 250.00 1145.61 58.948780 52.0804 1.54879 13.0546 1.46371 0.0712483 11.5964 0.268234 6.23233 0.00839851 0 10.2215 2.83671 0.0747467 0.110265 0.424097 0.00848194
47 250.00 1144.61 58.368106 52.0995 1.56263 13.0236 1.4703 0.0719571 11.6588 0.270413 6.18698 0.0083753 0 10.1751 2.84868 0.0753951 0.111362 0.428316 0.00856632
48 250.00 1143.61 57.798224 52.1185 1.57647 12.9925 1.47685 0.0726666 11.7208 0.272591 6.14187 0.00835266 0 10.1292 2.86055 0.076043 0.11246 0.432539 0.00865078
49 250.00 1142.61 57.238800 52.1373 1.59031 12.9615 1.48337 0.0733768 11.7824 0.274767 6.09699 0.00833061 0 10.0836 2.8723 0.0766903 0.113559 0.436767 0.00873533
50 250.00 1141.61 56.689512 52.156 1.60416 12.9305 1.48985 0.0740878 11.8436 0.276942 6.05235 0.00830919 0 10.0385 2.88396 0.0773372 0.11466 0.440999 0.00881997
51 250.00 1140.61 56.150049 52.1744 1.61802 12.8994 1.49631 0.0747996 11.9045 0.279116 6.00793 0.00828846 0 9.9938 2.89551 0.0779836 0.115761 0.445236 0.00890471
52 250.00 1139.61 55.620110 52.1927 1.63188 12.8685 1.50272 0.0755123 11.965 0.28129 5.96374 0.00826845 0 9.94949 2.90696 0.0786296 0.116864 0.449478 0.00898955
53 250.00 1138.61 55.099479 52.2107 1.64575 12.8375 1.51052 0.0762258 12.0239 0.283464 5.91977 0.00824921 0 9.90557 2.9183 0.0792752 0.117968 0.453725 0.0090745
54 250.00 1137.61 54.574953 52.2337 1.65952 12.8078 1.51612 0.0735109 12.0826 0.285718 5.8744 0.008235 0 9.86176 2.93027 0.0799397 0.119102 0.458086 0.00916171
55 250.00 1136.61 54.067706 52.2535 1.67335 12.7773 1.5224 0.0728545 12.1413 0.287922 5.83036 0.00821888 0 9.81867 2.94168 0.0805916 0.12022 0.462383 0.00924766
56 250.00 1135.61 53.568883 52.2731 1.6872 12.7467 1.52866 0.0721875 12.1997 0.29013 5.78652 0.00820383 0 9.77597 2.953 0.0812436 0.121339 0.466689 0.00933378
57 250.00 1134.61 53.078206 52.2925 1.70105 12.7162 1.53488 0.0715097 12.2578 0.292343 5.74289 0.00818998 0 9.73367 2.96424 0.0818958 0.122461 0.471003 0.00942006
58 250.00 1133.61 52.595398 52.3116 1.71492 12.6857 1.54109 0.070821 12.3155 0.294562 5.69946 0.00817749 0 9.69175 2.97541 0.0825483 0.123585 0.475327 0.00950653
59 250.00 1132.61 52.120406 52.3303 1.7288 12.6552 1.55168 0.0701206 12.3689 0.296788 5.65621 0.00816652 0 9.65019 2.98649 0.0832009 0.124711 0.479659 0.00959317
60 250.00 1131.61 52.119997 52.3307 1.72881 12.6553 1.54385 0.0701212 12.376 0.296791 5.65625 0.00816658 0 9.65027 2.98651 0.0832016 0.124712 0.479662 0.00959325
61 250.00 1130.61 51.188600 52.3673 1.75672 12.5944 1.55958 0.0686868 12.4868 0.301302 5.57047 0.00815328 0 9.56854 3.00846 0.0845122 0.126981 0.48839 0.0097678
62 250.00 1129.61 50.734302 52.3853 1.7707 12.564 1.56572 0.0679509 12.5433 0.303571 5.52785 0.00814909 0 9.52818 3.01937 0.0851679 0.128118 0.492763 0.00985526
63 250.00 1128.61 50.286167 52.4029 1.78472 12.5336 1.57185 0.067202 12.5997 0.305866 5.48543 0.00814854 0 9.48822 3.03023 0.0858252 0.12926 0.497155 0.00994309
64 250.00 1127.61 49.843453 52.4198 1.79881 12.5032 1.57797 0.0664394 12.656 0.3082 5.44322 0.00815348 0 9.44867 3.04108 0.0864853 0.130408 0.50157 0.0100314
65 250.00 1126.61 49.407648 52.4263 1.81384 12.4566 1.58006 0.0659049 12.711 0.310918 5.40737 0.0082254 0 9.43564 3.04932 0.0871246 0.131559 0.505995 0.0101199
66 250.00 1125.61 48.566084 52.4376 1.84323 12.4125 1.59609 0.0649292 12.7768 0.316306 5.29307 0.00836794 0 9.43087 3.07291 0.088442 0.133838 0.514763 0.0102953
67 250.00 1124.61 48.125768 52.4447 1.85913 12.3625 1.6037 0.0643061 12.8283 0.3192 5.25201 0.0084445 0 9.42169 3.082 0.0891244 0.135063 0.519472 0.0103894
68 250.00 1123.61 47.692607 52.4518 1.87503 12.313 1.61138 0.0636665 12.8794 0.322099 5.21106 0.00852119 0 9.41228 3.09108 0.0898069 0.136289 0.52419 0.0104838
69 250.00 1122.61 47.263758 52.4598 1.89069 12.27 1.61871 0.062934 12.9327 0.325022 5.16941 0.00859851 0 9.39355 3.10107 0.0905008 0.137526 0.528947 0.0105789
70 250.00 1121.61 46.834994 52.4688 1.90618 12.2346 1.6256 0.0621091 12.989 0.327997 5.12605 0.00867723 0 9.3643 3.11227 0.0912148 0.138785 0.533789 0.0106758
71 250.00 1120.61 46.413826 52.4779 1.92165 12.1993 1.63246 0.0612674 13.0448 0.330973 5.08297 0.00875597 0 9.33523 3.12339 0.0919277 0.140044 0.538633 0.0107727
72 250.00 1119.61 46.000036 52.4869 1.93707 12.164 1.63929 0.0604078 13.1003 0.333951 5.04017 0.00883473 0 9.30633 3.13442 0.0926396 0.141304 0.543478 0.0108696
73 250.00 1118.61 45.593412 52.496 1.95246 12.1289 1.64609 0.0595294 13.1554 0.336929 4.99764 0.00891352 0 9.27759 3.14537 0.0933506 0.142564 0.548325 0.0109665
74 250.00 1117.61 45.193750 52.5051 1.96781 12.0939 1.65285 0.0586311 13.2101 0.339908 4.95538 0.00899235 0 9.24903 3.15623 0.0940607 0.143825 0.553174 0.0110635
75 250.00 1116.61 44.800850 52.5142 1.98312 12.0589 1.65958 0.0577116 13.2644 0.342889 4.91339 0.00907121 0 9.22063 3.16701 0.09477 0.145087 0.558025 0.0111605
76 250.00 1115.61 44.414517 52.5234 1.99839 12.024 1.66628 0.0567696 13.3184 0.345872 4.87166 0.00915011 0 9.1924 3.17772 0.0954784 0.146349 0.562879 0.0112576
77 250.00 1114.61 44.034563 52.5326 2.01361 11.9892 1.67294 0.0558035 13.372 0.348856 4.83018 0.00922906 0 9.16432 3.18835 0.0961862 0.147611 0.567736 0.0113547
78 250.00 1113.61 43.660800 52.5419 2.02879 11.9545 1.67958 0.0548116 13.4252 0.351843 4.78895 0.00930807 0 9.1364 3.1989 0.0968932 0.148875 0.572596 0.0114519
79 250.00 1112.61 43.293048 52.5513 2.04391 11.9199 1.68618 0.053792 13.478 0.354832 4.74796 0.00938714 0 9.10863 3.20938 0.0975997 0.15014 0.57746 0.0115492
80 250.00 1111.61 42.931127 52.5608 2.05898 11.8854 1.69275 0.0527427 13.5304 0.357823 4.70722 0.00946627 0 9.08101 3.2198 0.0983057 0.151405 0.582328 0.0116466
81 250.00 1110.61 42.574861 52.5703 2.07398 11.851 1.69929 0.0516614 13.5824 0.360817 4.6667 0.00954549 0 9.05354 3.23015 0.0990113 0.152672 0.587201 0.011744
82 250.00 1109.61 42.224073 52.58 2.08893 11.8166 1.7058 0.0505455 13.634 0.363815 4.62642 0.00962479 0 9.02622 3.24043 0.0997166 0.153941 0.592079 0.0118416
83 250.00 1108.61 41.878589 52.5899 2.10379 11.7824 1.71228 0.0493924 13.6851 0.366816 4.58635 0.00970419 0 8.99903 3.25066 0.100422 0.155211 0.596964 0.0119393
84 250.00 1107.61 41.538235 52.5999 2.11858 11.7482 1.71872 0.0481993 13.7359 0.369822 4.5465 0.00978371 0 8.97198 3.26083 0.101127 0.156482 0.601855 0.0120371
85 250.00 1106.61 41.202836 52.6102 2.13328 11.7142 1.72513 0.0469634 13.7862 0.372832 4.50685 0.00986335 0 8.94506 3.27096 0.101832 0.157756 0.606754 0.0121351
86 250.00 1105.61 40.872218 52.6207 2.14789 11.6803 1.73151 0.0456818 13.836 0.375848 4.4674 0.00994313 0 8.91827 3.28103 0.102537 0.159032 0.611662 0.0122332
87 250.00 1104.61 40.546204 52.6315 2.16238 11.6465 1.73786 0.0443516 13.8853 0.37887 4.42814 0.0100231 0 8.89159 3.29107 0.103243 0.160311 0.616581 0.0123316
88 250.00 1103.61 40.224619 52.6426 2.17674 11.6128 1.74417 0.0429704 13.9342 0.381899 4.38906 0.0101032 0 8.86504 3.30107 0.10395 0.161593 0.62151 0.0124302
89 250.00 1102.61 39.907284 52.654 2.19096 11.5792 1.75044 0.0415362 13.9825 0.384936 4.35014 0.0101836 0 8.83859 3.31104 0.104657 0.162878 0.626452 0.012529
90 250.00 1101.61 39.594025 52.6659 2.20503 11.5457 1.75668 0.0400476 14.0303 0.387981 4.31139 0.0102641 0 8.81224 3.32098 0.105366 0.164166 0.631408 0.0126282
91 250.00 1100.61 39.284665 52.6782 2.21891 11.5124 1.76288 0.0385038 14.0775 0.391037 4.27279 0.0103449 0 8.78599 3.33091 0.106075 0.165459 0.636381 0.0127276
92 250.00 1099.61 38.979032 52.691 2.2326 11.4791 1.76903 0.0369054 14.1241 0.394103 4.23433 0.0104261 0 8.75983 3.34083 0.106787 0.166756 0.64137 0.0128274
93 250.00 1098.61 38.676957 52.7044 2.24607 11.4461 1.77514 0.0352536 14.17 0.397181 4.19599 0.0105075 0 8.73375 3.35074 0.1075 0.168059 0.64638 0.0129276
94 250.00 1097.61 38.378276 52.7184 2.2593 11.4131 1.7812 0.0335511 14.2153 0.400272 4.15778 0.0105893 0 8.70774 3.36065 0.108216 0.169367 0.65141 0.0130282
95 250.00 1096.61 38.082829 52.7331 2.27225 11.3804 1.7872 0.0318016 14.26 0.403377 4.11968 0.0106714 0 8.68179 3.37058 0.108934 0.170681 0.656464 0.0131293
96 250.00 1095.61 37.789636 52.7486 2.28496 11.3477 1.79317 0.0300037 14.304 0.406507 4.08151 0.0107542 0 8.65587 3.38056 0.109657 0.172005 0.661557 0.0132311
97 250.00 1094.61 37.499554 52.7648 2.29733 11.3152 1.79908 0.0281712 14.3472 0.409651 4.04347 0.0108374 0 8.63 3.39056 0.110383 0.173335 0.666675 0.0133335
98 250.00 1093.61 37.212264 52.7819 2.30937 11.2828 1.80493 0.0263101 14.3896 0.412814 4.00552 0.0109211 0 8.60417 3.40058 0.111112 0.174674 0.671822 0.0134364
99 250.00 1092.61 36.927632 52.7999 2.32103 11.2506 1.81072 0.0244288 14.4313 0.415996 3.96764 0.0110053 0 8.57836 3.41064 0.111845 0.17602 0.677 0.01354
100 250.00 1091.61 36.645534 52.8188 2.3323 11.2186 1.81644 0.0225367 14.4721 0.419198 3.92983 0.01109 0 8.55257 3.42075 0.112582 0.177375 0.682211 0.0136442
101 250.00 1090.61 36.365853 52.8387 2.34315 11.1867 1.8221 0.0206439 14.5121 0.422422 3.89209 0.0111753 0 8.52679 3.4309 0.113324 0.178739 0.687458 0.0137492
102 250.00 1089.61 36.088481 52.8596 2.35355 11.155 1.82769 0.0187615 14.5512 0.425669 3.85441 0.0112612 0 8.50101 3.4411 0.11407 0.180113 0.692742 0.0138548
103 250.00 1088.61 35.813315 52.8817 2.36348 11.1234 1.8332 0.016901 14.5893 0.428939 3.81678 0.0113477 0 8.47521 3.45137 0.11482 0.181497 0.698064 0.0139613
104 250.00 1087.61 35.540259 52.9048 2.37291 11.092 1.83864 0.0150745 14.6266 0.432235 3.7792 0.0114349 0 8.4494 3.46169 0.115576 0.182891 0.703428 0.0140686
105 250.00 1086.61 35.269226 52.9292 2.38183 11.0607 1.844 0.0132947 14.6629 0.435556 3.74167 0.0115227 0 8.42357 3.47209 0.116338 0.184297 0.708833 0.0141767
106 250.00 1085.61 35.000132 52.9547 2.39019 11.0296 1.84928 0.0115742 14.6982 0.438905 3.70419 0.0116113 0 8.39769 3.48256 0.117105 0.185714 0.714283 0.0142857
107 250.00 1084.61 34.732897 52.9816 2.39799 10.9987 1.85448 0.00992602 14.7325 0.442282 3.66674 0.0117007 0 8.37178 3.49311 0.117877 0.187142 0.719779 0.0143956
108 250.00 1083.61 34.467444 53.0097 2.40519 10.9679 1.8596 0.00836318 14.7658 0.445688 3.62934 0.0117908 0 8.34582 3.50374 0.118656 0.188584 0.725322 0.0145064
109 250.00 1082.61 34.203693 53.0392 2.41176 10.9373 1.86463 0.00689855 14.798 0.449125 3.59197 0.0118817 0 8.3198 3.51446 0.119442 0.190038 0.730915 0.0146183
110 250.00 1081.61 33.941560 53.0701 2.41769 10.9068 1.86958 0.00554482 14.8291 0.452594 3.55464 0.0119735 0 8.29371 3.52527 0.120234 0.191506 0.73656 0.0147312
111 250.00 1080.61 33.680944 53.1025 2.42293 10.8764 1.87445 0.0043143 14.8591 0.456096 3.51734 0.0120661 0 8.26755 3.53618 0.121033 0.192987 0.742259 0.0148452
112 250.00 1079.61 33.421716 53.1364 2.42744 10.8462 1.87923 0.00321883 14.8878 0.459633 3.48005 0.0121597 0 8.2413 3.5472 0.121839 0.194484 0.748017 0.0149603
113 250.00 1078.61 33.163686 53.1721 2.43116 10.8162 1.88395 0.00226962 14.9153 0.46321 3.44277 0.0122543 0 8.21495 3.55835 0.122655 0.195998 0.753837 0.0150767
114 250.00 1077.61 32.906544 53.2097 2.43398 10.7863 1.88862 0.00147703 14.9413 0.466829 3.40547 0.0123501 0 8.18846 3.56965 0.123479 0.197529 0.759727 0.0151945
115 250.00 1076.61 32.649703 53.2497 2.43574 10.7566 1.89332 0.000850287 14.9654 0.470502 3.36808 0.0124472 0 8.1618 3.58114 0.124316 0.199083 0.765704 0.0153141
116 250.00 1075.61 32.391818 53.293 2.43601 10.7272 1.89836 0.000396907 14.9869 0.474248 3.33046 0.0125463 0 8.13484 3.59294 0.125169 0.200668 0.7718 0.015436
117 250.00 1074.61 32.128767 53.3429 2.43352 10.6983 1.9056 0.000120932 15.002 0.47813 3.29215 0.012649 0 8.10723 3.60537 0.126055 0.202311 0.778119 0.0155624
118 250.00 1073.61 31.840798 53.4141 2.4223 10.6709 1.91748 0 14.9996 0.482455 3.25099 0.0127634 0 8.07735 3.62006 0.127048 0.204141 0.785156 0.0157031
119 250.00 1072.61 31.484859 53.5406 2.38916 10.6478 1.92205 0 14.9702 0.487909 3.20229 0.0129077 0 8.04175 3.6406 0.128317 0.206448 0.794032 0.0158806
120 250.00 1071.61 31.100136 53.6954 2.34513 10.6266 1.92003 0 14.9293 0.493944 3.15023 0.0130674 0 8.0035 3.66406 0.129727 0.209002 0.803855 0.0160771
121 250.00 1070.61 30.726977 53.848 2.3022 10.6048 1.91808 0 14.8891 0.499943 3.09916 0.0132261 0 7.9658 3.68716 0.131126 0.21154 0.813617 0.0162723
122 250.00 1069.61 30.364833 53.9984 2.26034 10.5825 1.9162 0 14.8493 0.505906 3.04904 0.0133838 0 7.92864 3.70991 0.132514 0.214063 0.823321 0.0164664
123 250.00 1068.61 30.013186 54.1467 2.2195 10.5597 1.9144 0 14.8101 0.511833 2.99985 0.0135406 0 7.89199 3.73231 0.133891 0.216571 0.832967 0.0166593
124 250.00 1067.61 29.671551 54.2929 2.17964 10.5364 1.91265 0 14.7714 0.517726 2.95155 0.0136965 0 7.85585 3.75438 0.135258 0.219065 0.842558 0.0168512
125 250.00 1066.61 29.339473 54.4373 2.14073 10.5127 1.91097 0 14.7332 0.523586 2.90412 0.0138516 0 7.8202 3.77613 0.136614 0.221545 0.852094 0.0170419
126 250.00 1065.61 29.016523 54.5797 2.10274 10.4885 1.90935 0 14.6954 0.529414 2.85754 0.0140057 0 7.78503 3.79756 0.13796 0.22401 0.861578 0.0172316
127 250.00 1064.61 28.702298 54.7203 2.06564 10.4638 1.90778 0 14.6581 0.535209 2.81178 0.0141591 0 7.75033 3.81868 0.139296 0.226463 0.87101 0.0174202
128 250.00 1063.61 28.396418 54.8591 2.02939 10.4388 1.90627 0 14.6212 0.540975 2.76681 0.0143116 0 7.71609 3.83951 0.140623 0.228902 0.880393 0.0176079
129 250.00 1062.61 28.098527 54.9961 1.99396 10.4135 1.90481 0 14.5847 0.54671 2.72261 0.0144633 0 7.6823 3.86004 0.14194 0.231329 0.889726 0.0177945
130 250.00 1061.61 27.808285 55.1316 1.95933 10.3877 1.90339 0 14.5486 0.552416 2.67917 0.0146143 0 7.64894 3.88028 0.143249 0.233743 0.899013 0.0179803
131 250.00 1060.61 27.525376 55.2654 1.92547 10.3616 1.90203 0 14.5129 0.558094 2.63646 0.0147645 0 7.61601 3.90025 0.144548 0.236146 0.908253 0.0181651
132 250.00 1059.61 27.249497 55.3976 1.89236 10.3352 1.9007 0 14.4774 0.563744 2.59445 0.014914 0 7.58349 3.91995 0.145839 0.238537 0.917448 0.018349
133 250.00 1058.61 26.980363 55.5283 1.85996 10.3085 1.89942 0 14.4424 0.569367 2.55314 0.0150627 0 7.55138 3.93939 0.147122 0.240916 0.9266 0.018532
134 250.00 1057.61 26.717706 55.6575 1.82827 10.2814 1.89818 0 14.4076 0.574965 2.5125 0.0152108 0 7.51966 3.95857 0.148396 0.243284 0.935709 0.0187142
135 250.00 1056.61 26.461270 55.7853 1.79725 10.2541 1.89698 0 14.3731 0.580537 2.47252 0.0153582 0 7.48833 3.9775 0.149663 0.245642 0.944777 0.0188955
136 250.00 1055.61 26.210814 55.9117 1.76688 10.2265 1.89581 0 14.339 0.586084 2.43318 0.015505 0 7.45738 3.99618 0.150922 0.247989 0.953805 0.0190761
137 250.00 1054.61 25.966108 56.0367 1.73715 10.1987 1.89467 0 14.3051 0.591607 2.39446 0.0156511 0 7.4268 4.01463 0.152173 0.250326 0.962793 0.0192559
138 250.00 1053.61 25.726935 56.1605 1.70804 10.1706 1.89357 0 14.2714 0.597107 2.35634 0.0157966 0 7.39658 4.03284 0.153416 0.252653 0.971744 0.0194349
139 250.00 1052.61 25.493088 56.2829 1.67952 10.1423 1.8925 0 14.238 0.602584 2.31882 0.0159415 0 7.36671 4.05082 0.154653 0.254971 0.980658 0.0196132
140 250.00 1051.61 25.264370 56.4042 1.65158 10.1137 1.89146 0 14.2048 0.60804 2.28187 0.0160858 0 7.33719 4.06858 0.155883 0.257279 0.989536 0.0197907
141 250.00 1050.61 25.040595 56.5242 1.6242 10.0849 1.89045 0 14.1718 0.613473 2.24549 0.0162296 0 7.30801 4.08613 0.157105 0.259578 0.998379 0.0199676
142 250.00 1049.61 24.821586 56.6431 1.59737 10.056 1.88946 0 14.1391 0.618886 2.20965 0.0163728 0 7.27916 4.10346 0.158321 0.261869 1.00719 0.0201438
143 250.00 1048.61 24.607172 56.7608 1.57107 10.0268 1.8885 0 14.1065 0.624279 2.17436 0.0165154 0 7.25064 4.12059 0.159531 0.264151 1.01596 0.0203193
144 250.00 1047.61 24.397193 56.8774 1.54528 9.99743 1.88756 0 14.0741 0.629652 2.13959 0.0166576 0 7.22243 4.13752 0.160734 0.266424 1.02471 0.0204942
145 250.00 1046.61 24.191496 56.9929 1.52 9.96789 1.88664 0 14.0419 0.635006 2.10533 0.0167992 0 7.19454 4.15424 0.161931 0.268689 1.03342 0.0206684
146 250.00 1045.61 23.989933 57.1074 1.4952 9.93818 1.88574 0 14.0099 0.640341 2.07157 0.0169403 0 7.16695 4.17078 0.163121 0.270947 1.0421 0.0208421
147 250.00 1044.61 23.792365 57.2209 1.47088 9.90831 1.88487 0 13.978 0.645658 2.0383 0.017081 0 7.13966 4.18712 0.164306 0.273197 1.05076 0.0210151
148 250.00 1043.61 23.598658 57.3334 1.44701 9.87827 1.88401 0 13.9462 0.650958 2.00551 0.0172212 0 7.11266 4.20328 0.165486 0.275439 1.05938 0.0211876
149 250.00 1042.61 23.408685 57.4449 1.4236 9.84809 1.88316 0 13.9145 0.656241 1.97319 0.017361 0 7.08595 4.21926 0.166659 0.277675 1.06798 0.0213596
150 250.00 1041.61 23.222323 57.5555 1.40062 9.81777 1.88234 0 13.883 0.661507 1.94132 0.0175003 0 7.05952 4.23506 0.167827 0.279903 1.07655 0.021531
151 250.00 1040.61 23.039124 57.666 1.37809 9.78745 1.86715 0 13.8648 0.666767 1.90994 0.0176395 0 7.03347 4.25075 0.168993 0.282129 1.08511 0.0217022
152 250.00 1039.61 23.014560 57.6849 1.37794 9.78478 1.85766 0 13.8601 0.666 1.90286 0.0174996 0 7.03574 4.25291 0.16915 0.28243 1.08627 0.0217254
153 250.00 1038.61 22.551299 58.0423 1.35499 9.69321 1.85849 0 13.6315 0.656552 1.80281 0.0156747 0 7.06616 4.28725 0.172107 0.288232 1.10858 0.0221717
154 250.00 1037.61 22.386815 58.1698 1.34093 9.64526 1.85613 0 13.5684 0.655015 1.77715 0.015209 0 7.07235 4.29717 0.173161 0.290349 1.11673 0.0223346
155 250.00 1036.61 22.224671 58.2973 1.32708 9.59745 1.8537 0 13.5048 0.65343 1.75175 0.014758 0 7.07863 4.30707 0.174214 0.292468 1.12488 0.0224975
156 250.00 1035.61 22.065202 58.4236 1.31339 9.54962 1.868 0 13.4255 0.651788 1.72659 0.0143209 0 7.08485 4.31688 0.175264 0.294581 1.13301 0.0226601
157 250.00 1034.61 21.815799 58.5979 1.28136 9.55733 1.85773 0 13.3701 0.65924 1.66272 0.0144846 0 7.00411 4.35101 0.177136 0.297949 1.14596 0.0229192
158 250.00 1033.61 21.669916 58.7028 1.25922 9.53091 1.85652 0 13.344 0.663678 1.63966 0.0145822 0 6.96882 4.36496 0.178184 0.299955 1.15367 0.0230735
159 250.00 1032.61 21.526411 58.8067 1.2375 9.5044 1.85534 0 13.318 0.668102 1.61688 0.0146794 0 6.93381 4.37876 0.179228 0.301955 1.16136 0.0232273
160 250.00 1031.61 21.385208 58.9098 1.21617 9.47782 1.85419 0 13.2923 0.672513 1.59439 0.0147763 0 6.8991 4.39241 0.180267 0.303948 1.16903 0.0233806
161 250.00 1030.61 21.246234 59.012 1.19523 9.45115 1.85306 0 13.2666 0.676912 1.57216 0.0148729 0 6.86468 4.40591 0.181301 0.305937 1.17668 0.0235336
162 250.00 1029.61 21.109419 59.1133 1.17468 9.42442 1.85195 0 13.2411 0.6813 1.5502 0.0149693 0 6.83054 4.41926 0.182332 0.307919 1.18431 0.0236861
163 250.00 1028.61 20.973827 59.2164 1.15455 9.398 1.80964 0 13.2534 0.685704 1.52856 0.0150661 0 6.79697 4.43265 0.183365 0.30991 1.19196 0.0238392
164 250.00 1027.61 20.641255 59.5205 1.15142 9.35229 1.82138 0 12.9988 0.671752 1.43866 0.0134671 0 6.82894 4.46654 0.185945 0.314903 1.21117 0.0242233
165 250.00 1026.61 20.498986 59.6476 1.13973 9.30569 1.81814 0 12.9313 0.669573 1.41631 0.0130724 0 6.83414 4.47641 0.187025 0.317089 1.21957 0.0243915
166 250.00 1025.61 20.358690 59.7744 1.12821 9.25921 1.81483 0 12.8635 0.667358 1.39423 0.0126904 0 6.8394 4.48626 0.188104 0.319274 1.22798 0.0245595
167 250.00 1024.61 20.220336 59.901 1.11685 9.21285 1.81144 0 12.7955 0.665109 1.37242 0.0123207 0 6.84472 4.49607 0.189181 0.321459 1.23638 0.0247276
168 250.00 1023.61 20.083901 60.0274 1.10566 9.16659 1.80799 0 12.7272 0.662827 1.35088 0.011963 0 6.8501 4.50585 0.190258 0.323642 1.24478 0.0248956
169 250.00 1022.61 19.949348 60.1536 1.09463 9.12045 1.80536 0 12.6578 0.660511 1.3296 0.0116166 0 6.85552 4.51559 0.191334 0.325825 1.25317 0.0250635
170 250.00 1021.61 19.949742 60.1524 1.09461 9.12027 1.82505 0 12.6398 0.660498 1.32957 0.0116164 0 6.85539 4.5155 0.19133 0.325819 1.25315 0.025063
171 250.00 1020.61 19.635661 60.4232 1.05694 9.08019 1.79982 0 12.5472 0.66683 1.26062 0.0115438 0 6.77483 4.55503 0.194079 0.33103 1.27319 0.0254639
172 250.00 1019.61 19.496076 60.5526 1.04327 9.04495 1.79578 0 12.4842 0.666653 1.23455 0.0113313 0 6.76108 4.56885 0.195282 0.3334 1.28231 0.0256462
173 250.00 1018.61 19.358480 60.6818 1.02986 9.00961 1.79168 0 12.421 0.66641 1.20889 0.0111222 0 6.74753 4.58257 0.196484 0.33577 1.29142 0.0258285
174 250.00 1017.61 19.222833 60.8106 1.0167 8.97419 1.78752 0 12.3576 0.666105 1.18362 0.0109163 0 6.73418 4.5962 0.197685 0.33814 1.30054 0.0260107
175 250.00 1016.61 19.089093 60.9392 1.00378 8.93869 1.78331 0 12.2939 0.665739 1.15875 0.0107138 0 6.72102 4.60972 0.198884 0.340509 1.30965 0.026193
176 250.00 1015.61 18.957222 61.0674 0.991103 8.90312 1.77904 0 12.2299 0.665314 1.13426 0.0105147 0 6.70804 4.62316 0.200081 0.342877 1.31876 0.0263752
177 250.00 1014.61 18.827183 61.1954 0.978657 8.86747 1.77472 0 12.1657 0.664831 1.11017 0.0103189 0 6.69524 4.6365 0.201278 0.345245 1.32787 0.0265573
178 250.00 1013.61 18.698937 61.3231 0.966439 8.83174 1.77034 0 12.1013 0.664292 1.08645 0.0101266 0 6.6826 4.64975 0.202472 0.347613 1.33697 0.0267395
179 250.00 1012.61 18.572450 61.4505 0.954443 8.79595 1.76591 0 12.0367 0.6637 1.06311 0.00993762 0 6.67014 4.66291 0.203666 0.349981 1.34608 0.0269216
180 250.00 1011.61 18.447687 61.5777 0.942665 8.76009 1.76142 0 11.9719 0.663055 1.04014 0.00975207 0 6.65783 4.67597 0.204858 0.352348 1.35518 0.0271037
181 250.00 1010.61 18.324615 61.7045 0.931099 8.72417 1.75689 0 11.9069 0.662359 1.01754 0.00956993 0 6.64567 4.68895 0.206048 0.354714 1.36429 0.0272857
182 250.00 1009.61 18.203201 61.8311 0.919742 8.68818 1.7523 0 11.8417 0.661615 0.995305 0.00939116 0 6.63367 4.70183 0.207237 0.35708 1.37338 0.0274677
183 250.00 1008.61 18.083413 61.9573 0.908588 8.65214 1.74765 0 11.7764 0.660823 0.97343 0.00921577 0 6.6218 4.71463 0.208425 0.359445 1.38248 0.0276496
184 250.00 1007.61 17.965220 62.0833 0.897633 8.61604 1.74296 0 11.7109 0.659986 0.951911 0.00904374 0 6.61008 4.72734 0.209611 0.36181 1.39158 0.0278316
185 250.00 1006.61 17.848593 62.209 0.886873 8.57988 1.73821 0 11.6452 0.659105 0.930744 0.00887504 0 6.59849 4.73996 0.210795 0.364174 1.40067 0.0280134
186 250.00 1005.61 17.733500 62.3344 0.876303 8.54367 1.73341 0 11.5794 0.658181 0.909924 0.00870964 0 6.58703 4.75249 0.211979 0.366538 1.40976 0.0281952
187 250.00 1004.61 17.619914 62.4594 0.86592 8.50741 1.72856 0 11.5135 0.657216 0.889448 0.00854752 0 6.57569 4.76494 0.21316 0.368901 1.41885 0.028377
188 250.00 1003.61 17.507806 62.5842 0.855719 8.47111 1.72366 0 11.4475 0.656212 0.869311 0.00838865 0 6.56447 4.7773 0.214341 0.371263 1.42793 0.0285587
189 250.00 1002.61 17.397149 62.7087 0.845696 8.43475 1.71871 0 11.3814 0.65517 0.849509 0.00823298 0 6.55337 4.78957 0.215519 0.373624 1.43702 0.0287403
190 250.00 1001.61 17.287915 62.8329 0.835848 8.39835 1.71371 0 11.3151 0.654092 0.830038 0.00808049 0 6.54237 4.80177 0.216697 0.375985 1.4461 0.0289219
191 250.00 1000.61 17.180079 62.9568 0.826171 8.36191 1.70867 0 11.2488 0.652978 0.810893 0.00793113 0 6.53148 4.81387 0.217873 0.378345 1.45517 0.0291035
192 250.00 999.61 17.073614 63.0804 0.816661 8.32543 1.70357 0 11.1824 0.651831 0.792072 0.00778486 0 6.52069 4.8259 0.219047 0.380704 1.46425 0.029285
193 250.00 998.61 16.968495 63.2036 0.807315 8.28891 1.69843 0 11.116 0.650652 0.773568 0.00764165 0 6.51 4.83783 0.22022 0.383063 1.47332 0.0294664
194 250.00 997.61 16.864699 63.3266 0.798129 8.25234 1.69323 0 11.0494 0.649442 0.755379 0.00750144 0 6.4994 4.84969 0.221391 0.38542 1.48239 0.0296477
195 250.00 996.61 16.762199 63.4493 0.789101 8.21574 1.688 0 10.9829 0.648202 0.7375 0.00736419 0 6.48889 4.86147 0.222561 0.387777 1.49145 0.029829
196 250.00 995.61 16.660973 63.5716 0.780226 8.17911 1.68271 0 10.9162 0.646935 0.719928 0.00722986 0 6.47847 4.87316 0.22373 0.390133 1.50051 0.0300103
197 250.00 994.61 16.560999 63.6936 0.771503 8.14244 1.67738 0 10.8496 0.64564 0.702658 0.0070984 0 6.46812 4.88477 0.224897 0.392488 1.50957 0.0301914
198 250.00 993.61 16.462273 63.8153 0.762925 8.10572 1.67333 0 10.7817 0.644319 0.685685 0.00696975 0 6.45785 4.89629 0.226062 0.394842 1.51862 0.0303725
199 250.00 992.61 16.462255 63.8154 0.762926 8.10573 1.67221 0 10.7827 0.64432 0.685686 0.00696976 0 6.45786 4.8963 0.226062 0.394843 1.51863 0.0303725
200 250.00 991.61 16.267852 64.0584 0.746231 8.03238 1.66103 0 10.6488 0.641589 0.652715 0.00672308 0 6.43738 4.91919 0.228395 0.399561 1.53677 0.0307355
201 250.00 990.61 16.172664 64.1792 0.73808 7.99558 1.65553 0 10.5822 0.640199 0.636613 0.00660257 0 6.42732 4.93048 0.229556 0.401913 1.54582 0.0309164
202 250.00 989.61 16.078617 64.2997 0.730065 7.95875 1.64998 0 10.5155 0.638789 0.620794 0.00648469 0 6.41733 4.94169 0.230716 0.404264 1.55486 0.0310972
203 250.00 988.61 15.985692 64.4199 0.722184 7.92189 1.64439 0 10.4488 0.637358 0.605254 0.00636939 0 6.40739 4.95283 0.231874 0.406614 1.5639 0.031278
204 250.00 987.61 15.893870 64.5397 0.714433 7.88501 1.63876 0 10.3822 0.635909 0.589989 0.00625661 0 6.3975 4.96388 0.233031 0.408963 1.57293 0.0314587
205 250.00 986.61 15.803130 64.6592 0.706811 7.8481 1.63308 0 10.3156 0.634442 0.574996 0.00614632 0 6.38767 4.97485 0.234186 0.411311 1.58197 0.0316393
206 250.00 985.61 15.713454 64.7785 0.699315 7.81116 1.62737 0 10.249 0.632959 0.56027 0.00603845 0 6.37789 4.98575 0.23534 0.413658 1.59099 0.0318199
207 250.00 984.61 15.624824 64.8973 0.691942 7.7742 1.62162 0 10.1824 0.63146 0.545808 0.00593297 0 6.36816 4.99657 0.236492 0.416005 1.60002 0.0320004
208 250.00 983.61 15.537223 65.0159 0.68469 7.73722 1.61587 0 10.1159 0.629946 0.531607 0.00582983 0 6.35846 5.00732 0.237643 0.41835 1.60904 0.0321808
209 250.00 982.61 15.450825 65.1339 0.677548 7.70023 1.60998 0 10.0499 0.628436 0.517716 0.00572956 0 6.34881 5.01795 0.238789 0.42069 1.61804 0.0323607
210 250.00 981.61 15.365029 65.2521 0.670539 7.66318 1.60413 0 9.9832 0.626879 0.503973 0.00563037 0 6.33919 5.02858 0.23994 0.423039 1.62707 0.0325414
211 250.00 980.61 15.280407 65.3697 0.663636 7.62613 1.59822 0 9.91692 0.625327 0.490533 0.00553394 0 6.32961 5.03909 0.241086 0.425381 1.63608 0.0327216
212 250.00 979.61 15.196745 65.487 0.656846 7.58907 1.59228 0 9.85071 0.623764 0.47734 0.00543967 0 6.32006 5.04953 0.242231 0.427723 1.64509 0.0329018
213 250.00 978.61 15.114029 65.604 0.650165 7.55198 1.5863 0 9.7846 0.622191 0.46439 0.00534749 0 6.31054 5.0599 0.243375 0.430064 1.65409 0.0330818
214 250.00 977.61 15.032242 65.7206 0.643592 7.51487 1.58029 0 9.71857 0.620609 0.451681 0.00525738 0 6.30105 5.07019 0.244517 0.432404 1.66309 0.0332618
215 250.00 976.61 14.951371 65.8369 0.637125 7.47775 1.57424 0 9.65264 0.619019 0.439209 0.00516928 0 6.29158 5.0804 0.245657 0.434743 1.67209 0.0334417
216 250.00 975.61 14.871401 65.9529 0.630761 7.44062 1.56816 0 9.58681 0.617421 0.426972 0.00508315 0 6.28213 5.09054 0.246796 0.437081 1.68108 0.0336216
217 250.00 974.61 14.792319 66.0686 0.6245 7.40348 1.56205 0 9.5211 0.615817 0.414967 0.00499896 0 6.2727 5.10061 0.247933 0.439417 1.69007 0.0338013
218 250.00 973.61 14.714112 66.1839 0.618339 7.36632 1.5559 0 9.45549 0.614206 0.403189 0.00491665 0 6.26328 5.1106 0.249069 0.441753 1.69905 0.033981
219 250.00 972.61 14.636767 66.2989 0.612276 7.32915 1.54972 0 9.39001 0.612591 0.391637 0.00483619 0 6.25389 5.12052 0.250203 0.444087 1.70803 0.0341605
220 250.00 971.61 14.560271 66.4135 0.606309 7.29198 1.54351 0 9.32466 0.610971 0.380309 0.00475754 0 6.2445 5.13036 0.251336 0.44642 1.717 0.03434
221 250.00 970.61 14.484613 66.5278 0.600438 7.25481 1.53727 0 9.25944 0.609347 0.3692 0.00468065 0 6.23513 5.14013 0.252467 0.448752 1.72597 0.0345194
222 250.00 969.61 14.409782 66.6418 0.594659 7.21763 1.531 0 9.19436 0.60772 0.358308 0.0046055 0 6.22576 5.14983 0.253596 0.451082 1.73493 0.0346987
223 250.00 968.61 14.335766 66.7554 0.588971 7.18045 1.5247 0 9.12942 0.606091 0.347632 0.00453204 0 6.21641 5.15946 0.254724 0.453411 1.74389 0.0348778
224 250.00 967.61 14.262556 66.8687 0.583373 7.14328 1.51837 0 9.06463 0.604461 0.337167 0.00446024 0 6.20706 5.16901 0.25585 0.455739 1.75284 0.0350568
225 250.00 966.61 14.190142 66.9816 0.577862 7.10611 1.51206 0 8.99996 0.602829 0.326912 0.00439005 0 6.19771 5.17849 0.256974 0.458064 1.76179 0.0352357
226 250.00 965.61 14.118668 67.0939 0.572429 7.06897 1.50562 0 8.9358 0.601211 0.316903 0.0043218 0 6.18838 5.18786 0.258093 0.460383 1.77071 0.0354141
227 250.00 964.61 14.047659 67.2064 0.567098 7.0318 1.49923 0 8.87123 0.599566 0.307023 0.00425441 0 6.17903 5.19722 0.259216 0.462711 1.77966 0.0355931
228 250.00 963.61 13.977574 67.3182 0.561842 6.99467 1.4928 0 8.8071 0.597936 0.297383 0.00418888 0 6.16969 5.20648 0.260334 0.465031 1.78858 0.0357716
229 250.00 962.61 13.908248 67.4297 0.556667 6.95755 1.48634 0 8.74315 0.596307 0.287943 0.00412484 0 6.16035 5.21567 0.261451 0.467349 1.79749 0.0359499
230 250.00 961.61 13.839673 67.5407 0.551572 6.92046 1.47986 0 8.67939 0.59468 0.278701 0.00406224 0 6.15101 5.22478 0.262565 0.469664 1.8064 0.036128
231 250.00 960.61 13.771841 67.6514 0.546556 6.88339 1.47336 0 8.61581 0.593056 0.269654 0.00400106 0 6.14166 5.23382 0.263677 0.471978 1.8153 0.036306
232 250.00 959.61 13.704744 67.7617 0.541616 6.84635 1.46683 0 8.55243 0.591436 0.260802 0.00394128 0 6.13232 5.24279 0.264787 0.474288 1.82419 0.0364837
233 250.00 958.61 13.638375 67.8717 0.536752 6.80935 1.46029 0 8.48925 0.589819 0.25214 0.00388285 0 6.12297 5.25168 0.265894 0.476596 1.83306 0.0366613
234 250.00 957.61 13.572726 67.9812 0.531963 6.77238 1.45372 0 8.42628 0.588207 0.243667 0.00382575 0 6.11361 5.2605 0.266999 0.478902 1.84193 0.0368386
235 250.00 956.61 13.507790 68.0903 0.527246 6.73545 1.44714 0 8.36351 0.5866 0.235382 0.00376995 0 6.10425 5.26925 0.268102 0.481204 1.85078 0.0370157
236 250.00 955.61 13.443561 68.199 0.522601 6.69857 1.44053 0 8.30097 0.584998 0.227281 0.00371542 0 6.09489 5.27793 0.269203 0.483503 1.85963 0.0371925
237 250.00 954.61 13.380032 68.3073 0.518026 6.66174 1.43391 0 8.23864 0.583402 0.219363 0.00366213 0 6.08552 5.28653 0.2703 0.485799 1.86846 0.0373691
238 250.00 953.61 13.317197 68.4152 0.513519 6.62496 1.42728 0 8.17655 0.581813 0.211625 0.00361006 0 6.07614 5.29506 0.271396 0.488091 1.87727 0.0375454
239 250.00 952.61 13.255048 68.5226 0.50908 6.58823 1.42067 0 8.11464 0.580231 0.204066 0.00355918 0 6.06676 5.30351 0.272488 0.490379 1.88607 0.0377215
240 250.00 951.61 13.193713 68.6294 0.504697 6.55159 1.41394 0 8.0533 0.578667 0.196713 0.00350969 0 6.05739 5.31186 0.273575 0.492659 1.89484 0.0378968
241 250.00 950.61 13.132783 68.7362 0.500399 6.51497 1.40727 0 7.99167 0.577088 0.189475 0.00346088 0 6.04797 5.32021 0.274664 0.494945 1.90363 0.0380727
242 250.00 949.61 13.072657 68.8423 0.496155 6.47845 1.40062 0 7.93048 0.575529 0.182439 0.0034134 0 6.03856 5.32845 0.275748 0.497221 1.91239 0.0382478
243 250.00 948.61 13.013321 68.9477 0.491963 6.44201 1.39385 0 7.86988 0.573989 0.175601 0.00336722 0 6.02918 5.33658 0.276827 0.499488 1.92111 0.0384222
244 250.00 947.61 12.954379 69.0532 0.487853 6.40561 1.38715 0 7.809 0.572438 0.168875 0.00332169 0 6.01972 5.3447 0.277907 0.501761 1.92985 0.038597
245 250.00 946.61 12.896218 69.158 0.483793 6.36931 1.38042 0 7.74862 0.570906 0.162343 0.0032774 0 6.01029 5.35272 0.278981 0.504024 1.93855 0.0387711
246 250.00 945.61 12.838699 69.2623 0.479792 6.3331 1.37368 0 7.68851 0.569384 0.155975 0.00323412 0 6.00085 5.36067 0.280053 0.506282 1.94724 0.0389448
247 250.00 944.61 12.781816 69.3661 0.475849 6.29698 1.36693 0 7.62867 0.567872 0.14977 0.00319184 0 5.9914 5.36855 0.281121 0.508535 1.9559 0.0391181
248 250.00 943.61 12.725625 69.4691 0.47196 6.26091 1.36498 0 7.56472 0.566367 0.143723 0.0031505 0 5.98192 5.37633 0.282184 0.51078 1.96454 0.0392908
249 250.00 942.61 12.595419 69.5157 0.466263 6.21596 1.36336 0 7.52281 0.56868 0.135992 0.00313483 0 5.97815 5.40454 0.284794 0.516061 1.98485 0.039697
250 250.00 941.61 12.461478 69.5571 0.460566 6.17053 1.3618 0 7.4824 0.571269 0.128341 0.00312123 0 5.97492 5.43451 0.287535 0.521607 2.00618 0.0401237
251 250.00 940.61 12.328706 69.5979 0.454948 6.12485 1.36023 0 7.44189 0.573893 0.120873 0.00310814 0 5.97164 5.46482 0.290308 0.527225 2.02779 0.0405558
252 250.00 939.61 12.197265 69.6381 0.449412 6.07898 1.35863 0 7.40127 0.576546 0.1136 0.00309556 0 5.96828 5.49544 0.293109 0.532906 2.04964 0.0409928
253 250.00 938.61 12.067307 69.6778 0.443958 6.03296 1.357 0 7.36052 0.579223 0.10653 0.00308345 0 5.96486 5.52633 0.295934 0.538645 2.07171 0.0414343
254 250.00 937.61 11.938971 69.717 0.438586 5.98687 1.35534 0 7.31965 0.581918 0.099672 0.00307179 0 5.96137 5.55745 0.298781 0.544436 2.09398 0.0418797
255 250.00 936.61 11.812380 69.7557 0.433296 5.94074 1.35364 0 7.27864 0.584626 0.093033 0.00306056 0 5.95782 5.58878 0.301645 0.55027 2.11642 0.0423285
256 250.00 935.61 11.687643 69.7939 0.42809 5.89464 1.35189 0 7.2375 0.587343 0.0866197 0.00304974 0 5.9542 5.62026 0.304524 0.556143 2.13901 0.0427802
257 250.00 934.61 11.564848 69.8318 0.422966 5.8486 1.3501 0 7.19621 0.590064 0.0804373 0.00303931 0 5.95051 5.65188 0.307415 0.562048 2.16172 0.0432345
258 250.00 933.61 11.444066 69.8692 0.417925 5.80266 1.34824 0 7.15479 0.592784 0.0744901 0.00302924 0 5.94676 5.6836 0.310315 0.56798 2.18454 0.0436908
259 250.00 932.61 11.325353 69.9062 0.412966 5.75687 1.34633 0 7.11322 0.595501 0.0687813 0.00301952 0 5.94295 5.71539 0.313221 0.573934 2.20744 0.0441487
260 250.00 931.61 11.208748 69.9429 0.408089 5.71126 1.34436 0 7.07151 0.598211 0.0633131 0.00301013 0 5.93907 5.74724 0.316131 0.579904 2.2304 0.044608
261 250.00 930.61 11.094276 69.9792 0.403294 5.66586 1.34233 0 7.02967 0.60091 0.0580869 0.00300105 0 5.93512 5.77911 0.319044 0.585888 2.25341 0.0450683
262 250.00 929.61 10.981951 70.0152 0.398578 5.6207 1.34022 0 6.98768 0.603597 0.0531032 0.00299228 0 5.93111 5.81099 0.321957 0.59188 2.27646 0.0455293
263 250.00 928.61 10.871773 70.0509 0.393942 5.57579 1.33805 0 6.94557 0.606269 0.048362 0.00298378 0 5.92703 5.84286 0.324869 0.597879 2.29953 0.0459907
264 250.00 927.61 10.763737 70.0862 0.389386 5.53116 1.33581 0 6.90333 0.608924 0.0438624 0.00297556 0 5.92289 5.87471 0.327778 0.603879 2.32261 0.0464523
265 250.00 926.61 10.657825 70.1213 0.384906 5.48682 1.3335 0 6.86096 0.611561 0.0396031 0.00296759 0 5.91868 5.90652 0.330682 0.609881 2.34569 0.0469139
266 250.00 925.61 10.554015 70.1561 0.380504 5.44279 1.33111 0 6.81847 0.614179 0.0355825 0.00295987 0 5.91441 5.93829 0.333582 0.615879 2.36877 0.0473753
267 250.00 924.61 10.452095 70.1919 0.376185 5.39918 1.31111 0 6.79178 0.616787 0.0317988 0.00295244 0 5.91017 5.9701 0.336482 0.621885 2.39186 0.0478373