Index,T (C),P (kbars),log(10) f O2,mass (gm),rho (gm/cc),wt% SiO2,wt% TiO2,wt% Al2O3,wt% Fe2O3,wt% Cr2O3,wt% FeO,wt% MnO,wt% MgO,wt% NiO,wt% CoO,wt% CaO,wt% Na2O,wt% K2O,wt% P2O5,wt% H2O,wt% CO2,wt% SO3,wt% Cl2O-1,wt% F2O-1,G (kJ),H (kJ),S (J/K),V (cc),Cp (J/K),diopside,clinoenstatite,hedenbergite,alumino-buffonite,buffonite,essenite,jadeite
9,1182.61,0.250,-9.481,2.1915,3.2094,52.2980,0.2238,3.6480,0.7481,0.0000,5.6293,0.0000,17.3244,0.0000,0.0000,19.9978,0.1305,0.0000,0.0000,0.0000,0.0000,0.0000,0.0000,0.0000,-35.792,-28.311,5.139,0.683,2.623,0.520175,0.208377,0.171905,0.069745,-0.057455,0.078013,0.009240
10,1181.61,0.250,-9.493,0.7448,3.2101,52.2954,0.2263,3.6411,0.7499,0.0000,5.7010,0.0000,17.3454,0.0000,0.0000,19.9098,0.1311,0.0000,0.0000,0.0000,0.0000,0.0000,0.0000,0.0000,-12.158,-9.617,1.746,0.232,0.892,0.514661,0.211711,0.174111,0.069627,-0.057195,0.077802,0.009283
11,1180.61,0.250,-9.504,0.7254,3.2109,52.2928,0.2289,3.6341,0.7516,0.0000,5.7743,0.0000,17.3673,0.0000,0.0000,19.8193,0.1317,0.0000,0.0000,0.0000,0.0000,0.0000,0.0000,0.0000,-11.835,-9.363,1.700,0.226,0.868,0.509008,0.215141,0.176364,0.069508,-0.056937,0.077592,0.009325
12,1179.61,0.250,-9.516,0.7068,3.2117,52.2904,0.2313,3.6270,0.7532,0.0000,5.8492,0.0000,17.3903,0.0000,0.0000,19.7263,0.1322,0.0000,0.0000,0.0000,0.0000,0.0000,0.0000,0.0000,-11.526,-9.119,1.657,0.220,0.846,0.503204,0.218675,0.178668,0.069386,-0.056679,0.077381,0.009365
13,1178.61,0.250,-9.527,0.6891,3.2125,52.2881,0.2337,3.6198,0.7548,0.0000,5.9259,0.0000,17.4145,0.0000,0.0000,19.6305,0.1328,0.0000,0.0000,0.0000,0.0000,0.0000,0.0000,0.0000,-11.231,-8.887,1.615,0.215,0.825,0.497242,0.222321,0.181026,0.069262,-0.056423,0.077169,0.009404
14,1177.61,0.250,-9.539,0.6722,3.2133,52.2860,0.2360,3.6124,0.7563,0.0000,6.0046,0.0000,17.4398,0.0000,0.0000,19.5317,0.1333,0.0000,0.0000,0.0000,0.0000,0.0000,0.0000,0.0000,-10.949,-8.664,1.575,0.209,0.805,0.491107,0.226086,0.183443,0.069134,-0.056168,0.076957,0.009441
15,1176.61,0.250,-9.550,0.2021,3.2143,52.2408,0.2442,3.6175,0.7685,0.0000,6.0160,0.0000,17.2939,0.0000,0.0000,19.6845,0.1346,0.0000,0.0000,0.0000,0.0000,0.0000,0.0000,0.0000,-3.290,-2.604,0.473,0.063,0.242,0.496577,0.219545,0.183904,0.069295,-0.055871,0.077009,0.009541
16,1175.61,0.250,-9.562,0.5462,3.2151,52.2300,0.2477,3.6129,0.7721,0.0000,6.0807,0.0000,17.2846,0.0000,0.0000,19.6369,0.1353,0.0000,0.0000,0.0000,0.0000,0.0000,0.0000,0.0000,-8.886,-7.034,1.278,0.170,0.653,0.492808,0.221216,0.185915,0.069230,-0.055612,0.076853,0.009590
17,1174.61,0.250,-9.574,0.5307,3.2159,52.2191,0.2512,3.6083,0.7757,0.0000,6.1457,0.0000,17.2753,0.0000,0.0000,19.5889,0.1360,0.0000,0.0000,0.0000,0.0000,0.0000,0.0000,0.0000,-8.630,-6.832,1.242,0.165,0.634,0.489011,0.222900,0.187939,0.069167,-0.055354,0.076697,0.009640
18,1173.61,0.250,-9.585,0.5159,3.2168,52.2081,0.2546,3.6037,0.7792,0.0000,6.2112,0.0000,17.2659,0.0000,0.0000,19.5406,0.1366,0.0000,0.0000,0.0000,0.0000,0.0000,0.0000,0.0000,-8.384,-6.639,1.207,0.160,0.617,0.485185,0.224599,0.189977,0.069105,-0.055098,0.076544,0.009689
19,1172.61,0.250,-9.597,0.5017,3.2176,52.1971,0.2581,3.5992,0.7828,0.0000,6.2771,0.0000,17.2565,0.0000,0.0000,19.4919,0.1373,0.0000,0.0000,0.0000,0.0000,0.0000,0.0000,0.0000,-8.149,-6.453,1.173,0.156,0.600,0.481329,0.226313,0.192029,0.069044,-0.054843,0.076391,0.009737
20,1171.61,0.250,-9.609,0.4881,3.2185,52.1860,0.2616,3.5947,0.7863,0.0000,6.3435,0.0000,17.2472,0.0000,0.0000,19.4429,0.1379,0.0000,0.0000,0.0000,0.0000,0.0000,0.0000,0.0000,-7.924,-6.275,1.141,0.152,0.583,0.477443,0.228042,0.194097,0.068984,-0.054591,0.076240,0.009785
21,1170.61,0.250,-9.620,0.4751,3.2193,52.1748,0.2650,3.5903,0.7899,0.0000,6.4103,0.0000,17.2378,0.0000,0.0000,19.3934,0.1386,0.0000,0.0000,0.0000,0.0000,0.0000,0.0000,0.0000,-7.708,-6.105,1.110,0.148,0.568,0.473524,0.229788,0.196180,0.068925,-0.054340,0.076090,0.009833
22,1169.61,0.250,-9.632,0.4626,3.2202,52.1635,0.2684,3.5859,0.7934,0.0000,6.4776,0.0000,17.2284,0.0000,0.0000,19.3435,0.1392,0.0000,0.0000,0.0000,0.0000,0.0000,0.0000,0.0000,-7.500,-5.941,1.081,0.144,0.553,0.469572,0.231550,0.198278,0.068867,-0.054090,0.075942,0.009880
23,1168.61,0.250,-9.644,0.4506,3.2211,52.1522,0.2719,3.5816,0.7969,0.0000,6.5455,0.0000,17.2190,0.0000,0.0000,19.2932,0.1399,0.0000,0.0000,0.0000,0.0000,0.0000,0.0000,0.0000,-7.301,-5.784,1.052,0.140,0.538,0.465586,0.233330,0.200394,0.068810,-0.053842,0.075795,0.009927
24,1167.61,0.250,-9.656,0.4390,3.2220,52.1408,0.2753,3.5773,0.8004,0.0000,6.6138,0.0000,17.2096,0.0000,0.0000,19.2424,0.1405,0.0000,0.0000,0.0000,0.0000,0.0000,0.0000,0.0000,-7.110,-5.634,1.025,0.136,0.524,0.461565,0.235129,0.202526,0.068754,-0.053596,0.075649,0.009973
25,1166.61,0.250,-9.667,0.4279,3.2228,52.1294,0.2786,3.5730,0.8038,0.0000,6.6827,0.0000,17.2002,0.0000,0.0000,19.1911,0.1411,0.0000,0.0000,0.0000,0.0000,0.0000,0.0000,0.0000,-6.926,-5.489,0.999,0.133,0.511,0.457506,0.236947,0.204676,0.068699,-0.053351,0.075504,0.010019
26,1165.61,0.250,-9.679,0.4173,3.2237,52.1178,0.2820,3.5688,0.8073,0.0000,6.7522,0.0000,17.1909,0.0000,0.0000,19.1393,0.1417,0.0000,0.0000,0.0000,0.0000,0.0000,0.0000,0.0000,-6.750,-5.349,0.973,0.129,0.498,0.453409,0.238785,0.206844,0.068645,-0.053107,0.075360,0.010065
27,1164.61,0.250,-9.691,0.4070,3.2246,52.1063,0.2854,3.5645,0.8108,0.0000,6.8222,0.0000,17.1815,0.0000,0.0000,19.0870,0.1423,0.0000,0.0000,0.0000,0.0000,0.0000,0.0000,0.0000,-6.580,-5.215,0.949,0.126,0.486,0.449272,0.240645,0.209031,0.068590,-0.052865,0.075218,0.010109
28,1163.61,0.250,-9.703,0.3971,3.2255,52.0946,0.2887,3.5603,0.8142,0.0000,6.8928,0.0000,17.1722,0.0000,0.0000,19.0341,0.1429,0.0000,0.0000,0.0000,0.0000,0.0000,0.0000,0.0000,-6.416,-5.086,0.926,0.123,0.474,0.445094,0.242527,0.211237,0.068537,-0.052625,0.075076,0.010154
29,1162.61,0.250,-9.715,0.3876,3.2264,52.0830,0.2920,3.5562,0.8176,0.0000,6.9641,0.0000,17.1630,0.0000,0.0000,18.9807,0.1435,0.0000,0.0000,0.0000,0.0000,0.0000,0.0000,0.0000,-6.259,-4.962,0.903,0.120,0.462,0.440872,0.244433,0.213464,0.068483,-0.052385,0.074936,0.010198
30,1161.61,0.250,-9.726,0.3785,3.2273,52.0712,0.2953,3.5520,0.8210,0.0000,7.0360,0.0000,17.1538,0.0000,0.0000,18.9266,0.1441,0.0000,0.0000,0.0000,0.0000,0.0000,0.0000,0.0000,-6.107,-4.842,0.882,0.117,0.451,0.436606,0.246363,0.215712,0.068430,-0.052148,0.074797,0.010241
31,1160.61,0.250,-9.738,0.3697,3.2282,52.0594,0.2986,3.5478,0.8244,0.0000,7.1086,0.0000,17.1446,0.0000,0.0000,18.8719,0.1447,0.0000,0.0000,0.0000,0.0000,0.0000,0.0000,0.0000,-5.961,-4.727,0.861,0.115,0.441,0.432293,0.248319,0.217981,0.068377,-0.051911,0.074658,0.010284
32,1159.61,0.250,-9.750,0.3612,3.2292,52.0476,0.3018,3.5437,0.8278,0.0000,7.1819,0.0000,17.1356,0.0000,0.0000,18.8165,0.1452,0.0000,0.0000,0.0000,0.0000,0.0000,0.0000,0.0000,-5.821,-4.616,0.841,0.112,0.431,0.427930,0.250302,0.220273,0.068324,-0.051676,0.074521,0.010326
33,1158.61,0.250,-9.762,0.3530,3.2301,52.0357,0.3050,3.5395,0.8311,0.0000,7.2559,0.0000,17.1266,0.0000,0.0000,18.7604,0.1458,0.0000,0.0000,0.0000,0.0000,0.0000,0.0000,0.0000,-5.685,-4.509,0.822,0.109,0.421,0.423517,0.252314,0.222589,0.068270,-0.051442,0.074384,0.010367
34,1157.61,0.250,-9.774,0.3451,3.2310,52.0238,0.3082,3.5353,0.8345,0.0000,7.3307,0.0000,17.1177,0.0000,0.0000,18.7035,0.1463,0.0000,0.0000,0.0000,0.0000,0.0000,0.0000,0.0000,-5.554,-4.406,0.803,0.107,0.411,0.419050,0.254357,0.224929,0.068217,-0.051209,0.074248,0.010408
35,1156.61,0.250,-9.786,0.3374,3.2320,52.0118,0.3114,3.5312,0.8378,0.0000,7.4062,0.0000,17.1089,0.0000,0.0000,18.6458,0.1468,0.0000,0.0000,0.0000,0.0000,0.0000,0.0000,0.0000,-5.428,-4.306,0.785,0.104,0.402,0.414527,0.256431,0.227295,0.068163,-0.050978,0.074113,0.010448
36,1155.61,0.250,-9.798,0.3301,3.2329,51.9999,0.3145,3.5270,0.8411,0.0000,7.4826,0.0000,17.1003,0.0000,0.0000,18.5873,0.1474,0.0000,0.0000,0.0000,0.0000,0.0000,0.0000,0.0000,-5.307,-4.210,0.768,0.102,0.393,0.409946,0.258540,0.229687,0.068108,-0.050748,0.073979,0.010488
37,1154.61,0.250,-9.810,0.3230,3.2339,51.9878,0.3175,3.5228,0.8444,0.0000,7.5599,0.0000,17.0918,0.0000,0.0000,18.5279,0.1479,0.0000,0.0000,0.0000,0.0000,0.0000,0.0000,0.0000,-5.189,-4.117,0.751,0.100,0.385,0.405302,0.260684,0.232107,0.068052,-0.050519,0.073846,0.010527
38,1153.61,0.250,-9.822,0.3161,3.2348,51.9758,0.3206,3.5185,0.8476,0.0000,7.6380,0.0000,17.0835,0.0000,0.0000,18.4675,0.1484,0.0000,0.0000,0.0000,0.0000,0.0000,0.0000,0.0000,-5.076,-4.028,0.735,0.098,0.376,0.400593,0.262867,0.234556,0.067996,-0.050291,0.073713,0.010565
39,1152.61,0.250,-9.834,0.3095,3.2358,51.9637,0.3236,3.5143,0.8509,0.0000,7.7171,0.0000,17.0754,0.0000,0.0000,18.4062,0.1489,0.0000,0.0000,0.0000,0.0000,0.0000,0.0000,0.0000,-4.966,-3.941,0.719,0.096,0.369,0.395816,0.265091,0.237036,0.067939,-0.050064,0.073581,0.010602
40,1151.61,0.250,-9.846,0.3031,3.2368,51.9517,0.3265,3.5099,0.8541,0.0000,7.7972,0.0000,17.0675,0.0000,0.0000,18.3437,0.1494,0.0000,0.0000,0.0000,0.0000,0.0000,0.0000,0.0000,-4.861,-3.858,0.704,0.094,0.361,0.390966,0.267357,0.239548,0.067880,-0.049839,0.073449,0.010639
41,1150.61,0.250,-9.858,0.2970,3.2378,51.9396,0.3294,3.5056,0.8573,0.0000,7.8784,0.0000,17.0598,0.0000,0.0000,18.2801,0.1498,0.0000,0.0000,0.0000,0.0000,0.0000,0.0000,0.0000,-4.759,-3.777,0.690,0.092,0.353,0.386039,0.269671,0.242093,0.067820,-0.049615,0.073318,0.010675
42,1149.61,0.250,-9.870,0.2910,3.2387,51.9275,0.3323,3.5012,0.8604,0.0000,7.9607,0.0000,17.0524,0.0000,0.0000,18.2152,0.1503,0.0000,0.0000,0.0000,0.0000,0.0000,0.0000,0.0000,-4.660,-3.699,0.676,0.090,0.346,0.381030,0.272034,0.244674,0.067758,-0.049392,0.073187,0.010709
43,1148.61,0.250,-9.882,0.2853,3.2398,51.9155,0.3350,3.4967,0.8635,0.0000,8.0441,0.0000,17.0453,0.0000,0.0000,18.1491,0.1507,0.0000,0.0000,0.0000,0.0000,0.0000,0.0000,0.0000,-4.565,-3.624,0.662,0.088,0.339,0.375934,0.274450,0.247293,0.067694,-0.049170,0.073056,0.010743
44,1147.61,0.250,-9.894,0.2797,3.2408,51.9034,0.3378,3.4922,0.8666,0.0000,8.1288,0.0000,17.0386,0.0000,0.0000,18.0814,0.1512,0.0000,0.0000,0.0000,0.0000,0.0000,0.0000,0.0000,-4.473,-3.551,0.649,0.086,0.333,0.370744,0.276924,0.249952,0.067627,-0.048949,0.072926,0.010775
45,1146.61,0.250,-9.906,0.2743,3.2418,51.8914,0.3404,3.4875,0.8696,0.0000,8.2149,0.0000,17.0323,0.0000,0.0000,18.0123,0.1516,0.0000,0.0000,0.0000,0.0000,0.0000,0.0000,0.0000,-4.384,-3.481,0.636,0.085,0.326,0.365454,0.279461,0.252653,0.067558,-0.048729,0.072796,0.010807
46,1145.61,0.250,-9.918,0.2692,3.2428,51.8795,0.3430,3.4828,0.8726,0.0000,8.3023,0.0000,17.0264,0.0000,0.0000,17.9414,0.1519,0.0000,0.0000,0.0000,0.0000,0.0000,0.0000,0.0000,-4.299,-3.413,0.624,0.083,0.320,0.360056,0.282066,0.255399,0.067487,-0.048511,0.072666,0.010837
47,1144.61,0.250,-9.930,0.2642,3.2439,51.8676,0.3455,3.4779,0.8756,0.0000,8.3913,0.0000,17.0210,0.0000,0.0000,17.8687,0.1523,0.0000,0.0000,0.0000,0.0000,0.0000,0.0000,0.0000,-4.216,-3.348,0.612,0.081,0.314,0.354542,0.284745,0.258194,0.067411,-0.048294,0.072536,0.010866
48,1143.61,0.250,-9.943,0.2593,3.2449,51.8557,0.3479,3.4730,0.8785,0.0000,8.4819,0.0000,17.0163,0.0000,0.0000,17.7940,0.1527,0.0000,0.0000,0.0000,0.0000,0.0000,0.0000,0.0000,-4.136,-3.285,0.601,0.080,0.308,0.348900,0.287505,0.261042,0.067333,-0.048077,0.072405,0.010893
49,1142.61,0.250,-9.955,0.2547,3.2460,51.8440,0.3502,3.4678,0.8813,0.0000,8.5744,0.0000,17.0121,0.0000,0.0000,17.7171,0.1530,0.0000,0.0000,0.0000,0.0000,0.0000,0.0000,0.0000,-4.059,-3.224,0.590,0.078,0.303,0.343120,0.290354,0.263946,0.067249,-0.047862,0.072274,0.010919
50,1141.61,0.250,-9.967,0.2502,3.2471,51.8324,0.3524,3.4625,0.8841,0.0000,8.6687,0.0000,17.0088,0.0000,0.0000,17.6377,0.1533,0.0000,0.0000,0.0000,0.0000,0.0000,0.0000,0.0000,-3.985,-3.165,0.579,0.077,0.297,0.337187,0.293303,0.266911,0.067161,-0.047649,0.072143,0.010943
51,1140.61,0.250,-9.979,0.2459,3.2482,51.8209,0.3545,3.4571,0.8868,0.0000,8.7653,0.0000,17.0063,0.0000,0.0000,17.5556,0.1536,0.0000,0.0000,0.0000,0.0000,0.0000,0.0000,0.0000,-3.913,-3.108,0.569,0.076,0.292,0.331085,0.296363,0.269945,0.067068,-0.047436,0.072011,0.010965
52,1139.61,0.250,-9.991,0.2418,3.2493,51.8097,0.3564,3.4513,0.8894,0.0000,8.8641,0.0000,17.0049,0.0000,0.0000,17.4704,0.1538,0.0000,0.0000,0.0000,0.0000,0.0000,0.0000,0.0000,-3.845,-3.054,0.560,0.074,0.287,0.324794,0.299548,0.273053,0.066968,-0.047224,0.071877,0.010985
53,1138.61,0.250,-10.004,0.2466,3.2505,51.7985,0.3581,3.4452,0.8919,0.0000,8.9685,0.0000,17.0054,0.0000,0.0000,17.3784,0.1540,0.0000,0.0000,0.0000,0.0000,0.0000,0.0000,0.0000,-3.919,-3.113,0.571,0.076,0.293,0.318079,0.303004,0.276331,0.066858,-0.047013,0.071742,0.010999
54,1137.61,0.250,-10.016,0.2366,3.2516,51.7876,0.3597,3.4389,0.8943,0.0000,9.0740,0.0000,17.0069,0.0000,0.0000,17.2844,0.1541,0.0000,0.0000,0.0000,0.0000,0.0000,0.0000,0.0000,-3.756,-2.984,0.547,0.073,0.281,0.311258,0.306540,0.279646,0.066742,-0.046804,0.071604,0.011013
55,1136.61,0.250,-10.028,0.2329,3.2528,51.7772,0.3611,3.4322,0.8966,0.0000,9.1830,0.0000,17.0101,0.0000,0.0000,17.1856,0.1542,0.0000,0.0000,0.0000,0.0000,0.0000,0.0000,0.0000,-3.695,-2.936,0.539,0.072,0.277,0.304150,0.310272,0.283072,0.066614,-0.046595,0.071465,0.011023
56,1135.61,0.250,-10.041,0.2295,3.2540,51.7671,0.3622,3.4250,0.8987,0.0000,9.2960,0.0000,17.0155,0.0000,0.0000,17.0811,0.1543,0.0000,0.0000,0.0000,0.0000,0.0000,0.0000,0.0000,-3.638,-2.890,0.531,0.071,0.272,0.296702,0.314235,0.286625,0.066475,-0.046388,0.071322,0.011029
57,1134.61,0.250,-10.053,0.2263,3.2553,51.7576,0.3631,3.4173,0.9006,0.0000,9.4140,0.0000,17.0235,0.0000,0.0000,16.9697,0.1543,0.0000,0.0000,0.0000,0.0000,0.0000,0.0000,0.0000,-3.583,-2.847,0.523,0.070,0.269,0.288849,0.318479,0.290329,0.066320,-0.046182,0.071174,0.011031
58,1133.61,0.250,-10.065,0.2233,3.2566,51.7488,0.3636,3.4089,0.9022,0.0000,9.5378,0.0000,17.0348,0.0000,0.0000,16.8497,0.1542,0.0000,0.0000,0.0000,0.0000,0.0000,0.0000,0.0000,-3.533,-2.807,0.516,0.069,0.265,0.280497,0.323069,0.294217,0.066147,-0.045977,0.071021,0.011027
59,1132.61,0.250,-10.077,0.0022,3.2567,51.7488,0.3636,3.4089,0.9022,0.0000,9.5378,0.0000,17.0348,0.0000,0.0000,16.8497,0.1542,0.0000,0.0000,0.0000,0.0000,0.0000,0.0000,0.0000,-0.035,-0.028,0.005,0.001,0.003,0.280497,0.323069,0.294217,0.066147,-0.045977,0.071021,0.011027
60,1131.61,0.250,-10.090,0.4389,3.2592,51.7340,0.3632,3.3893,0.9045,0.0000,9.8087,0.0000,17.0714,0.0000,0.0000,16.5752,0.1537,0.0000,0.0000,0.0000,0.0000,0.0000,0.0000,0.0000,-6.932,-5.507,1.014,0.135,0.521,0.261800,0.333645,0.302715,0.065728,-0.045571,0.070689,0.010995
61,1130.61,0.250,-10.102,0.2160,3.2607,51.7293,0.3618,3.3771,0.9048,0.0000,9.9633,0.0000,17.1018,0.0000,0.0000,16.4088,0.1531,0.0000,0.0000,0.0000,0.0000,0.0000,0.0000,0.0000,-3.408,-2.708,0.499,0.066,0.256,0.250791,0.340108,0.307555,0.065454,-0.045367,0.070499,0.010960
62,1129.61,0.250,-10.115,0.2145,3.2623,51.7276,0.3592,3.3621,0.9041,0.0000,10.1392,0.0000,17.1462,0.0000,0.0000,16.2093,0.1523,0.0000,0.0000,0.0000,0.0000,0.0000,0.0000,0.0000,-3.381,-2.686,0.495,0.066,0.255,0.237902,0.347913,0.313055,0.065109,-0.045163,0.070280,0.010903
63,1128.61,0.250,-10.127,0.2142,3.2641,51.7322,0.3542,3.3415,0.9014,0.0000,10.3573,0.0000,17.2194,0.0000,0.0000,15.9431,0.1509,0.0000,0.0000,0.0000,0.0000,0.0000,0.0000,0.0000,-3.372,-2.678,0.495,0.066,0.254,0.221257,0.358415,0.319853,0.064623,-0.044953,0.070001,0.010804
64,1127.61,0.250,-10.139,0.2040,3.2946,52.3245,0.1478,2.7201,0.7183,0.0000,15.4425,0.0000,20.4684,0.0000,0.0000,8.0911,0.0874,0.0000,0.0000,0.0000,0.0000,0.0000,0.0000,0.0000,-3.137,-2.470,0.476,0.062,0.245,-0.226653,0.674007,0.476334,0.050127,-0.041930,0.061867,0.006249
64,1127.61,0.250,-10.139,0.0022,3.2610,51.5836,0.3656,3.4045,0.9578,0.0000,9.5450,0.0000,16.2204,0.0000,0.0000,17.7477,0.1754,0.0000,0.0000,0.0000,0.0000,0.0000,0.0000,0.0000,-0.035,-0.028,0.005,0.001,0.003,0.316763,0.283867,0.295342,0.064775,-0.044429,0.071097,0.012586
64,1127.61,0.250,-10.139,0.0022,3.2610,51.5836,0.3656,3.4045,0.9578,0.0000,9.5450,0.0000,16.2204,0.0000,0.0000,17.7477,0.1754,0.0000,0.0000,0.0000,0.0000,0.0000,0.0000,0.0000,-0.035,-0.028,0.005,0.001,0.003,0.316763,0.283867,0.295342,0.064775,-0.044429,0.071097,0.012586
65,1126.61,0.250,-10.152,0.4768,3.2964,52.3967,0.1647,2.7163,0.7075,0.0000,15.9195,0.0000,21.2330,0.0000,0.0000,6.7903,0.0719,0.0000,0.0000,0.0000,0.0000,0.0000,0.0000,0.0000,-7.323,-5.761,1.116,0.145,0.574,-0.293058,0.726991,0.490200,0.051131,-0.042011,0.061614,0.005131
66,1125.61,0.250,-10.164,0.2054,3.2973,52.3672,0.1670,2.7180,0.7124,0.0000,15.9474,0.0000,21.1222,0.0000,0.0000,6.8929,0.0730,0.0000,0.0000,0.0000,0.0000,0.0000,0.0000,0.0000,-3.153,-2.481,0.480,0.062,0.247,-0.290140,0.722736,0.491294,0.051151,-0.041896,0.061643,0.005211
67,1124.61,0.250,-10.177,0.2028,3.2983,52.3372,0.1695,2.7201,0.7174,0.0000,15.9717,0.0000,21.0091,0.0000,0.0000,7.0009,0.0741,0.0000,0.0000,0.0000,0.0000,0.0000,0.0000,0.0000,-3.111,-2.448,0.474,0.061,0.244,-0.286906,0.718256,0.492279,0.051180,-0.041783,0.061680,0.005296
68,1123.61,0.250,-10.189,0.1636,3.2994,52.3091,0.1716,2.7213,0.7219,0.0000,16.0283,0.0000,20.9205,0.0000,0.0000,7.0525,0.0748,0.0000,0.0000,0.0000,0.0000,0.0000,0.0000,0.0000,-2.508,-1.974,0.382,0.050,0.197,-0.286865,0.716035,0.494252,0.051197,-0.041683,0.061713,0.005349
68,1123.61,0.250,-10.189,0.0521,3.2646,51.4325,0.4488,3.4930,0.9857,0.0000,9.7286,0.0000,16.2861,0.0000,0.0000,17.4575,0.1679,0.0000,0.0000,0.0000,0.0000,0.0000,0.0000,0.0000,-0.820,-0.653,0.120,0.016,0.061,0.294777,0.295668,0.301129,0.068923,-0.043942,0.071395,0.012050
69,1122.61,0.250,-10.202,0.1226,3.3007,52.2832,0.1731,2.7210,0.7257,0.0000,16.1235,0.0000,20.8604,0.0000,0.0000,7.0381,0.0750,0.0000,0.0000,0.0000,0.0000,0.0000,0.0000,0.0000,-1.878,-1.478,0.286,0.037,0.147,-0.290577,0.716469,0.497404,0.051194,-0.041592,0.061738,0.005365
69,1122.61,0.250,-10.202,0.1082,3.2656,51.4055,0.4560,3.4981,0.9927,0.0000,9.7731,0.0000,16.2333,0.0000,0.0000,17.4723,0.1690,0.0000,0.0000,0.0000,0.0000,0.0000,0.0000,0.0000,-1.703,-1.356,0.248,0.033,0.128,0.293708,0.294784,0.302598,0.069122,-0.043730,0.071388,0.012131
70,1121.61,0.250,-10.214,0.1205,3.3021,52.2574,0.1745,2.7206,0.7296,0.0000,16.2191,0.0000,20.8002,0.0000,0.0000,7.0234,0.0752,0.0000,0.0000,0.0000,0.0000,0.0000,0.0000,0.0000,-1.844,-1.452,0.281,0.036,0.145,-0.294314,0.716912,0.500571,0.051190,-0.041502,0.061763,0.005381
70,1121.61,0.250,-10.214,0.1062,3.2665,51.3784,0.4633,3.5034,0.9998,0.0000,9.8174,0.0000,16.1803,0.0000,0.0000,17.4873,0.1701,0.0000,0.0000,0.0000,0.0000,0.0000,0.0000,0.0000,-1.670,-1.330,0.244,0.033,0.125,0.292639,0.293892,0.304067,0.069325,-0.043516,0.071381,0.012212
71,1120.61,0.250,-10.227,0.1185,3.3035,52.2314,0.1760,2.7203,0.7334,0.0000,16.3150,0.0000,20.7400,0.0000,0.0000,7.0085,0.0754,0.0000,0.0000,0.0000,0.0000,0.0000,0.0000,0.0000,-1.811,-1.426,0.276,0.036,0.142,-0.298076,0.717364,0.503752,0.051186,-0.041411,0.061788,0.005397
71,1120.61,0.250,-10.227,0.1042,3.2674,51.3510,0.4708,3.5087,1.0070,0.0000,9.8618,0.0000,16.1271,0.0000,0.0000,17.5023,0.1712,0.0000,0.0000,0.0000,0.0000,0.0000,0.0000,0.0000,-1.639,-1.306,0.239,0.032,0.123,0.291571,0.292992,0.305537,0.069532,-0.043300,0.071374,0.012294
72,1119.61,0.250,-10.240,0.1165,3.3049,52.2054,0.1775,2.7199,0.7373,0.0000,16.4113,0.0000,20.6797,0.0000,0.0000,6.9933,0.0756,0.0000,0.0000,0.0000,0.0000,0.0000,0.0000,0.0000,-1.779,-1.401,0.271,0.035,0.140,-0.301862,0.717826,0.506949,0.051181,-0.041321,0.061813,0.005413
72,1119.61,0.250,-10.240,0.1024,3.2684,51.3235,0.4783,3.5142,1.0143,0.0000,9.9061,0.0000,16.0738,0.0000,0.0000,17.5176,0.1723,0.0000,0.0000,0.0000,0.0000,0.0000,0.0000,0.0000,-1.609,-1.282,0.235,0.031,0.121,0.290504,0.292086,0.307006,0.069743,-0.043082,0.071366,0.012377
73,1118.61,0.250,-10.252,0.1145,3.3062,52.1793,0.1790,2.7196,0.7411,0.0000,16.5080,0.0000,20.6192,0.0000,0.0000,6.9780,0.0758,0.0000,0.0000,0.0000,0.0000,0.0000,0.0000,0.0000,-1.748,-1.376,0.267,0.035,0.137,-0.305672,0.718296,0.510162,0.051177,-0.041230,0.061839,0.005428
73,1118.61,0.250,-10.252,0.1006,3.2693,51.2957,0.4860,3.5197,1.0216,0.0000,9.9504,0.0000,16.0203,0.0000,0.0000,17.5329,0.1734,0.0000,0.0000,0.0000,0.0000,0.0000,0.0000,0.0000,-1.579,-1.259,0.230,0.031,0.118,0.289436,0.291173,0.308475,0.069958,-0.042861,0.071359,0.012460
74,1117.61,0.250,-10.265,0.1126,3.3076,52.1532,0.1804,2.7192,0.7450,0.0000,16.6051,0.0000,20.5587,0.0000,0.0000,6.9624,0.0759,0.0000,0.0000,0.0000,0.0000,0.0000,0.0000,0.0000,-1.717,-1.353,0.262,0.034,0.135,-0.309508,0.718775,0.513390,0.051172,-0.041139,0.061866,0.005443
74,1117.61,0.250,-10.265,0.0988,3.2703,51.2677,0.4938,3.5254,1.0290,0.0000,9.9946,0.0000,15.9667,0.0000,0.0000,17.5484,0.1745,0.0000,0.0000,0.0000,0.0000,0.0000,0.0000,0.0000,-1.551,-1.236,0.226,0.030,0.116,0.288368,0.290254,0.309945,0.070177,-0.042638,0.071351,0.012544
75,1116.61,0.250,-10.277,0.1108,3.3090,52.1270,0.1819,2.7189,0.7489,0.0000,16.7027,0.0000,20.4980,0.0000,0.0000,6.9466,0.0761,0.0000,0.0000,0.0000,0.0000,0.0000,0.0000,0.0000,-1.688,-1.329,0.258,0.033,0.133,-0.313368,0.719264,0.516635,0.051167,-0.041049,0.061893,0.005458
75,1116.61,0.250,-10.277,0.0971,3.2712,51.2396,0.5017,3.5311,1.0364,0.0000,10.0388,0.0000,15.9128,0.0000,0.0000,17.5640,0.1756,0.0000,0.0000,0.0000,0.0000,0.0000,0.0000,0.0000,-1.524,-1.215,0.222,0.030,0.114,0.287299,0.289327,0.311415,0.070401,-0.042413,0.071343,0.012629
76,1115.61,0.250,-10.290,0.1090,3.3104,52.1006,0.1833,2.7185,0.7528,0.0000,16.8006,0.0000,20.4372,0.0000,0.0000,6.9306,0.0763,0.0000,0.0000,0.0000,0.0000,0.0000,0.0000,0.0000,-1.659,-1.307,0.253,0.033,0.130,-0.317253,0.719760,0.519895,0.051162,-0.040958,0.061921,0.005473
76,1115.61,0.250,-10.290,0.0955,3.2722,51.2112,0.5097,3.5370,1.0439,0.0000,10.0830,0.0000,15.8588,0.0000,0.0000,17.5798,0.1767,0.0000,0.0000,0.0000,0.0000,0.0000,0.0000,0.0000,-1.497,-1.194,0.218,0.029,0.112,0.286229,0.288394,0.312886,0.070629,-0.042186,0.071335,0.012714
77,1114.61,0.250,-10.303,0.1072,3.3118,52.0743,0.1848,2.7181,0.7568,0.0000,16.8989,0.0000,20.3763,0.0000,0.0000,6.9144,0.0765,0.0000,0.0000,0.0000,0.0000,0.0000,0.0000,0.0000,-1.630,-1.285,0.249,0.032,0.128,-0.321163,0.720265,0.523172,0.051156,-0.040868,0.061949,0.005488
77,1114.61,0.250,-10.303,0.0939,3.2731,51.1826,0.5178,3.5429,1.0515,0.0000,10.1272,0.0000,15.8046,0.0000,0.0000,17.5956,0.1779,0.0000,0.0000,0.0000,0.0000,0.0000,0.0000,0.0000,-1.471,-1.173,0.215,0.029,0.110,0.285157,0.287455,0.314357,0.070862,-0.041956,0.071326,0.012799
78,1113.61,0.250,-10.315,0.1055,3.3133,52.0478,0.1862,2.7178,0.7607,0.0000,16.9977,0.0000,20.3152,0.0000,0.0000,6.8980,0.0766,0.0000,0.0000,0.0000,0.0000,0.0000,0.0000,0.0000,-1.603,-1.263,0.245,0.032,0.126,-0.325097,0.720778,0.526466,0.051150,-0.040777,0.061978,0.005502
78,1113.61,0.250,-10.315,0.0924,3.2741,51.1537,0.5260,3.5490,1.0592,0.0000,10.1714,0.0000,15.7501,0.0000,0.0000,17.6116,0.1790,0.0000,0.0000,0.0000,0.0000,0.0000,0.0000,0.0000,-1.447,-1.154,0.211,0.028,0.109,0.284083,0.286509,0.315830,0.071099,-0.041723,0.071317,0.012886
79,1112.61,0.250,-10.328,0.1038,3.3147,52.0213,0.1877,2.7174,0.7647,0.0000,17.0968,0.0000,20.2540,0.0000,0.0000,6.8814,0.0768,0.0000,0.0000,0.0000,0.0000,0.0000,0.0000,0.0000,-1.576,-1.242,0.241,0.031,0.124,-0.329057,0.721300,0.529777,0.051144,-0.040687,0.062007,0.005516
79,1112.61,0.250,-10.328,0.0909,3.2750,51.1247,0.5344,3.5551,1.0669,0.0000,10.2155,0.0000,15.6955,0.0000,0.0000,17.6276,0.1802,0.0000,0.0000,0.0000,0.0000,0.0000,0.0000,0.0000,-1.423,-1.135,0.208,0.028,0.107,0.283007,0.285556,0.317303,0.071341,-0.041488,0.071308,0.012973
80,1111.61,0.250,-10.341,0.1022,3.3161,51.9946,0.1891,2.7170,0.7686,0.0000,17.1964,0.0000,20.1927,0.0000,0.0000,6.8646,0.0769,0.0000,0.0000,0.0000,0.0000,0.0000,0.0000,0.0000,-1.550,-1.221,0.237,0.031,0.122,-0.333042,0.721829,0.533105,0.051138,-0.040596,0.062037,0.005530
80,1111.61,0.250,-10.341,0.0895,3.2760,51.0954,0.5429,3.5614,1.0747,0.0000,10.2597,0.0000,15.6408,0.0000,0.0000,17.6438,0.1813,0.0000,0.0000,0.0000,0.0000,0.0000,0.0000,0.0000,-1.400,-1.117,0.204,0.027,0.105,0.281929,0.284598,0.318778,0.071587,-0.041251,0.071298,0.013061
81,1110.61,0.250,-10.354,0.1006,3.3175,51.9679,0.1905,2.7166,0.7726,0.0000,17.2965,0.0000,20.1311,0.0000,0.0000,6.8476,0.0771,0.0000,0.0000,0.0000,0.0000,0.0000,0.0000,0.0000,-1.524,-1.201,0.233,0.030,0.120,-0.337053,0.722366,0.536451,0.051131,-0.040505,0.062067,0.005543
81,1110.61,0.250,-10.354,0.0881,3.2770,51.0659,0.5515,3.5678,1.0826,0.0000,10.3039,0.0000,15.5858,0.0000,0.0000,17.6601,0.1825,0.0000,0.0000,0.0000,0.0000,0.0000,0.0000,0.0000,-1.378,-1.100,0.201,0.027,0.104,0.280847,0.283633,0.320255,0.071838,-0.041010,0.071288,0.013149
82,1109.61,0.250,-10.366,0.0991,3.3190,51.9411,0.1919,2.7162,0.7766,0.0000,17.3970,0.0000,20.0694,0.0000,0.0000,6.8305,0.0772,0.0000,0.0000,0.0000,0.0000,0.0000,0.0000,0.0000,-1.499,-1.182,0.230,0.030,0.118,-0.341088,0.722910,0.539814,0.051124,-0.040415,0.062098,0.005557
82,1109.61,0.250,-10.366,0.0868,3.2780,51.0361,0.5602,3.5742,1.0906,0.0000,10.3481,0.0000,15.5306,0.0000,0.0000,17.6765,0.1837,0.0000,0.0000,0.0000,0.0000,0.0000,0.0000,0.0000,-1.357,-1.083,0.198,0.026,0.102,0.279762,0.282663,0.321733,0.072094,-0.040767,0.071278,0.013238
83,1108.61,0.250,-10.379,0.0975,3.3204,51.9142,0.1933,2.7159,0.7806,0.0000,17.4979,0.0000,20.0075,0.0000,0.0000,6.8131,0.0774,0.0000,0.0000,0.0000,0.0000,0.0000,0.0000,0.0000,-1.475,-1.162,0.226,0.029,0.116,-0.345150,0.723462,0.543195,0.051116,-0.040324,0.062130,0.005570
83,1108.61,0.250,-10.379,0.0856,3.2789,51.0061,0.5691,3.5808,1.0986,0.0000,10.3923,0.0000,15.4752,0.0000,0.0000,17.6930,0.1848,0.0000,0.0000,0.0000,0.0000,0.0000,0.0000,0.0000,-1.337,-1.067,0.195,0.026,0.100,0.278672,0.281686,0.323213,0.072354,-0.040522,0.071268,0.013328
84,1107.61,0.250,-10.392,0.0960,3.3219,51.8872,0.1947,2.7155,0.7847,0.0000,17.5994,0.0000,19.9454,0.0000,0.0000,6.7956,0.0775,0.0000,0.0000,0.0000,0.0000,0.0000,0.0000,0.0000,-1.451,-1.144,0.222,0.029,0.115,-0.349236,0.724021,0.546595,0.051108,-0.040233,0.062162,0.005583
84,1107.61,0.250,-10.392,0.0844,3.2799,50.9759,0.5781,3.5875,1.1068,0.0000,10.4365,0.0000,15.4196,0.0000,0.0000,17.7095,0.1860,0.0000,0.0000,0.0000,0.0000,0.0000,0.0000,0.0000,-1.317,-1.052,0.192,0.026,0.099,0.277578,0.280704,0.324696,0.072620,-0.040273,0.071257,0.013419
85,1106.61,0.250,-10.405,0.0946,3.3233,51.8601,0.1961,2.7150,0.7887,0.0000,17.7013,0.0000,19.8831,0.0000,0.0000,6.7779,0.0777,0.0000,0.0000,0.0000,0.0000,0.0000,0.0000,0.0000,-1.427,-1.125,0.219,0.028,0.113,-0.353349,0.724587,0.550014,0.051099,-0.040142,0.062195,0.005596
85,1106.61,0.250,-10.405,0.0833,3.2809,50.9454,0.5872,3.5943,1.1150,0.0000,10.4808,0.0000,15.3638,0.0000,0.0000,17.7262,0.1872,0.0000,0.0000,0.0000,0.0000,0.0000,0.0000,0.0000,-1.299,-1.037,0.190,0.025,0.098,0.276480,0.279716,0.326181,0.072890,-0.040022,0.071246,0.013510
86,1105.61,0.250,-10.418,0.0931,3.3248,51.8329,0.1974,2.7146,0.7928,0.0000,17.8036,0.0000,19.8206,0.0000,0.0000,6.7601,0.0778,0.0000,0.0000,0.0000,0.0000,0.0000,0.0000,0.0000,-1.404,-1.107,0.215,0.028,0.111,-0.357487,0.725159,0.553452,0.051090,-0.040052,0.062229,0.005608
86,1105.61,0.250,-10.418,0.0822,3.2819,50.9147,0.5965,3.6012,1.1233,0.0000,10.5252,0.0000,15.3079,0.0000,0.0000,17.7429,0.1884,0.0000,0.0000,0.0000,0.0000,0.0000,0.0000,0.0000,-1.282,-1.024,0.187,0.025,0.096,0.275375,0.278724,0.327669,0.073164,-0.039768,0.071234,0.013602
87,1104.61,0.250,-10.430,0.0917,3.3263,51.8057,0.1988,2.7142,0.7969,0.0000,17.9065,0.0000,19.7579,0.0000,0.0000,6.7421,0.0780,0.0000,0.0000,0.0000,0.0000,0.0000,0.0000,0.0000,-1.381,-1.089,0.212,0.028,0.109,-0.361651,0.725738,0.556909,0.051081,-0.039961,0.062263,0.005621
87,1104.61,0.250,-10.430,0.0812,3.2829,50.8837,0.6059,3.6082,1.1317,0.0000,10.5696,0.0000,15.2517,0.0000,0.0000,17.7597,0.1897,0.0000,0.0000,0.0000,0.0000,0.0000,0.0000,0.0000,-1.265,-1.011,0.185,0.025,0.095,0.274265,0.277726,0.329161,0.073443,-0.039510,0.071222,0.013694
88,1103.61,0.250,-10.443,0.0903,3.3277,51.7783,0.2001,2.7138,0.8010,0.0000,18.0098,0.0000,19.6949,0.0000,0.0000,6.7240,0.0781,0.0000,0.0000,0.0000,0.0000,0.0000,0.0000,0.0000,-1.359,-1.072,0.209,0.027,0.108,-0.365841,0.726324,0.560386,0.051070,-0.039870,0.062298,0.005633
88,1103.61,0.250,-10.443,0.0803,3.2839,50.8524,0.6154,3.6153,1.1401,0.0000,10.6140,0.0000,15.1952,0.0000,0.0000,17.7766,0.1909,0.0000,0.0000,0.0000,0.0000,0.0000,0.0000,0.0000,-1.250,-0.999,0.183,0.024,0.094,0.273148,0.276723,0.330656,0.073727,-0.039250,0.071210,0.013787
89,1102.61,0.250,-10.456,0.0890,3.3292,51.7508,0.2015,2.7133,0.8052,0.0000,18.1137,0.0000,19.6317,0.0000,0.0000,6.7057,0.0782,0.0000,0.0000,0.0000,0.0000,0.0000,0.0000,0.0000,-1.337,-1.055,0.205,0.027,0.106,-0.370057,0.726915,0.563884,0.051059,-0.039780,0.062334,0.005645
89,1102.61,0.250,-10.456,0.0794,3.2849,50.8210,0.6250,3.6225,1.1487,0.0000,10.6586,0.0000,15.1386,0.0000,0.0000,17.7935,0.1921,0.0000,0.0000,0.0000,0.0000,0.0000,0.0000,0.0000,-1.236,-0.987,0.180,0.024,0.093,0.272024,0.275716,0.332155,0.074015,-0.038987,0.071197,0.013881
90,1101.61,0.250,-10.469,0.0876,3.3307,51.7232,0.2028,2.7129,0.8093,0.0000,18.2181,0.0000,19.5682,0.0000,0.0000,6.6873,0.0783,0.0000,0.0000,0.0000,0.0000,0.0000,0.0000,0.0000,-1.316,-1.038,0.202,0.026,0.104,-0.374299,0.727512,0.567402,0.051048,-0.039689,0.062370,0.005656
90,1101.61,0.250,-10.469,0.0786,3.2859,50.7893,0.6348,3.6298,1.1573,0.0000,10.7032,0.0000,15.0818,0.0000,0.0000,17.8105,0.1934,0.0000,0.0000,0.0000,0.0000,0.0000,0.0000,0.0000,-1.222,-0.977,0.179,0.024,0.092,0.270891,0.274704,0.333659,0.074308,-0.038721,0.071184,0.013975
91,1100.61,0.250,-10.482,0.0863,3.3322,51.6955,0.2041,2.7124,0.8135,0.0000,18.3230,0.0000,19.5044,0.0000,0.0000,6.6687,0.0785,0.0000,0.0000,0.0000,0.0000,0.0000,0.0000,0.0000,-1.295,-1.021,0.199,0.026,0.103,-0.378567,0.728114,0.570941,0.051035,-0.039599,0.062407,0.005668
91,1100.61,0.250,-10.482,0.0779,3.2869,50.7573,0.6446,3.6372,1.1660,0.0000,10.7480,0.0000,15.0247,0.0000,0.0000,17.8275,0.1946,0.0000,0.0000,0.0000,0.0000,0.0000,0.0000,0.0000,-1.210,-0.967,0.177,0.024,0.091,0.269751,0.273689,0.335168,0.074604,-0.038452,0.071171,0.014070
92,1099.61,0.250,-10.495,0.0850,3.3337,51.6676,0.2054,2.7119,0.8177,0.0000,18.4284,0.0000,19.4404,0.0000,0.0000,6.6500,0.0786,0.0000,0.0000,0.0000,0.0000,0.0000,0.0000,0.0000,-1.274,-1.005,0.196,0.025,0.101,-0.382861,0.728721,0.574502,0.051022,-0.039508,0.062445,0.005679
92,1099.61,0.250,-10.495,0.0772,3.2880,50.7251,0.6546,3.6447,1.1748,0.0000,10.7929,0.0000,14.9674,0.0000,0.0000,17.8446,0.1959,0.0000,0.0000,0.0000,0.0000,0.0000,0.0000,0.0000,-1.199,-0.958,0.175,0.023,0.090,0.268601,0.272670,0.336682,0.074905,-0.038180,0.071157,0.014166
93,1098.61,0.250,-10.508,0.0837,3.3352,51.6397,0.2066,2.7114,0.8219,0.0000,18.5344,0.0000,19.3760,0.0000,0.0000,6.6312,0.0787,0.0000,0.0000,0.0000,0.0000,0.0000,0.0000,0.0000,-1.254,-0.989,0.193,0.025,0.099,-0.387182,0.729333,0.578085,0.051007,-0.039417,0.062484,0.005690
93,1098.61,0.250,-10.508,0.0766,3.2890,50.6927,0.6647,3.6522,1.1837,0.0000,10.8380,0.0000,14.9099,0.0000,0.0000,17.8617,0.1971,0.0000,0.0000,0.0000,0.0000,0.0000,0.0000,0.0000,-1.188,-0.950,0.174,0.023,0.089,0.267441,0.271648,0.338203,0.075209,-0.037905,0.071143,0.014262
94,1097.61,0.250,-10.521,0.0824,3.3368,51.6116,0.2078,2.7109,0.8261,0.0000,18.6410,0.0000,19.3113,0.0000,0.0000,6.6123,0.0788,0.0000,0.0000,0.0000,0.0000,0.0000,0.0000,0.0000,-1.233,-0.973,0.190,0.025,0.098,-0.391529,0.729950,0.581690,0.050991,-0.039327,0.062524,0.005701
94,1097.61,0.250,-10.521,0.0760,3.2900,50.6600,0.6749,3.6598,1.1927,0.0000,10.8832,0.0000,14.8522,0.0000,0.0000,17.8788,0.1984,0.0000,0.0000,0.0000,0.0000,0.0000,0.0000,0.0000,-1.179,-0.943,0.172,0.023,0.089,0.266270,0.270623,0.339730,0.075517,-0.037628,0.071129,0.014358
95,1096.61,0.250,-10.534,0.0816,3.3383,51.5834,0.2091,2.7104,0.8304,0.0000,18.7485,0.0000,19.2460,0.0000,0.0000,6.5933,0.0789,0.0000,0.0000,0.0000,0.0000,0.0000,0.0000,0.0000,-1.220,-0.962,0.188,0.024,0.097,-0.395913,0.730570,0.585329,0.050975,-0.039236,0.062565,0.005711
95,1096.61,0.250,-10.534,0.0756,3.2910,50.6270,0.6852,3.6675,1.2018,0.0000,10.9288,0.0000,14.7941,0.0000,0.0000,17.8958,0.1997,0.0000,0.0000,0.0000,0.0000,0.0000,0.0000,0.0000,-1.172,-0.937,0.171,0.023,0.088,0.265080,0.269596,0.341272,0.075828,-0.037346,0.071114,0.014456
96,1095.61,0.250,-10.547,0.0803,3.3399,51.5550,0.2102,2.7098,0.8347,0.0000,18.8564,0.0000,19.1805,0.0000,0.0000,6.5743,0.0790,0.0000,0.0000,0.0000,0.0000,0.0000,0.0000,0.0000,-1.198,-0.946,0.185,0.024,0.095,-0.400321,0.731193,0.588989,0.050956,-0.039146,0.062607,0.005721
96,1095.61,0.250,-10.547,0.0751,3.2921,50.5938,0.6956,3.6753,1.2110,0.0000,10.9746,0.0000,14.7358,0.0000,0.0000,17.9129,0.2010,0.0000,0.0000,0.0000,0.0000,0.0000,0.0000,0.0000,-1.164,-0.931,0.170,0.023,0.088,0.263879,0.268566,0.342820,0.076142,-0.037061,0.071100,0.014554
97,1094.61,0.250,-10.560,0.0790,3.3414,51.5265,0.2114,2.7092,0.8391,0.0000,18.9650,0.0000,19.1146,0.0000,0.0000,6.5551,0.0791,0.0000,0.0000,0.0000,0.0000,0.0000,0.0000,0.0000,-1.179,-0.930,0.182,0.024,0.094,-0.404756,0.731821,0.592673,0.050937,-0.039055,0.062649,0.005731
97,1094.61,0.250,-10.560,0.0747,3.2931,50.5604,0.7062,3.6831,1.2202,0.0000,11.0206,0.0000,14.6773,0.0000,0.0000,17.9299,0.2022,0.0000,0.0000,0.0000,0.0000,0.0000,0.0000,0.0000,-1.157,-0.926,0.169,0.023,0.087,0.262666,0.267536,0.344377,0.076459,-0.036774,0.071085,0.014652
98,1093.61,0.250,-10.573,0.0778,3.3430,51.4979,0.2125,2.7086,0.8434,0.0000,19.0742,0.0000,19.0483,0.0000,0.0000,6.5359,0.0792,0.0000,0.0000,0.0000,0.0000,0.0000,0.0000,0.0000,-1.159,-0.915,0.179,0.023,0.092,-0.409217,0.732451,0.596381,0.050916,-0.038965,0.062693,0.005741
98,1093.61,0.250,-10.573,0.0744,3.2942,50.5268,0.7167,3.6909,1.2296,0.0000,11.0668,0.0000,14.6186,0.0000,0.0000,17.9470,0.2035,0.0000,0.0000,0.0000,0.0000,0.0000,0.0000,0.0000,-1.151,-0.921,0.168,0.023,0.087,0.261438,0.266504,0.345943,0.076777,-0.036484,0.071070,0.014751
99,1092.61,0.250,-10.586,0.0766,3.3445,51.4692,0.2136,2.7079,0.8478,0.0000,19.1840,0.0000,18.9816,0.0000,0.0000,6.5166,0.0793,0.0000,0.0000,0.0000,0.0000,0.0000,0.0000,0.0000,-1.140,-0.900,0.176,0.023,0.091,-0.413705,0.733084,0.600114,0.050893,-0.038874,0.062737,0.005751
99,1092.61,0.250,-10.586,0.0741,3.2953,50.4931,0.7274,3.6988,1.2390,0.0000,11.1133,0.0000,14.5597,0.0000,0.0000,17.9639,0.2048,0.0000,0.0000,0.0000,0.0000,0.0000,0.0000,0.0000,-1.145,-0.917,0.167,0.022,0.086,0.260196,0.265473,0.347520,0.077098,-0.036191,0.071054,0.014850
100,1091.61,0.250,-10.599,0.0754,3.3461,51.4403,0.2147,2.7073,0.8522,0.0000,19.2944,0.0000,18.9145,0.0000,0.0000,6.4972,0.0794,0.0000,0.0000,0.0000,0.0000,0.0000,0.0000,0.0000,-1.121,-0.885,0.173,0.023,0.089,-0.418218,0.733719,0.603873,0.050868,-0.038784,0.062783,0.005760
100,1091.61,0.250,-10.599,0.0738,3.2963,50.4591,0.7381,3.7067,1.2485,0.0000,11.1601,0.0000,14.5005,0.0000,0.0000,17.9808,0.2061,0.0000,0.0000,0.0000,0.0000,0.0000,0.0000,0.0000,-1.141,-0.913,0.167,0.022,0.086,0.258939,0.264442,0.349107,0.077419,-0.035895,0.071039,0.014949
101,1090.61,0.250,-10.612,0.0742,3.3477,51.4114,0.2157,2.7065,0.8566,0.0000,19.4055,0.0000,18.8470,0.0000,0.0000,6.4778,0.0795,0.0000,0.0000,0.0000,0.0000,0.0000,0.0000,0.0000,-1.103,-0.870,0.170,0.022,0.088,-0.422759,0.734357,0.607656,0.050842,-0.038694,0.062829,0.005769
101,1090.61,0.250,-10.612,0.0736,3.2974,50.4250,0.7489,3.7146,1.2581,0.0000,11.2072,0.0000,14.4412,0.0000,0.0000,17.9976,0.2074,0.0000,0.0000,0.0000,0.0000,0.0000,0.0000,0.0000,-1.136,-0.910,0.166,0.022,0.086,0.257666,0.263411,0.350705,0.077742,-0.035597,0.071024,0.015049
102,1089.61,0.250,-10.625,0.0730,3.3493,51.3823,0.2167,2.7058,0.8610,0.0000,19.5172,0.0000,18.7791,0.0000,0.0000,6.4584,0.0795,0.0000,0.0000,0.0000,0.0000,0.0000,0.0000,0.0000,-1.084,-0.856,0.167,0.022,0.086,-0.427325,0.734996,0.611466,0.050813,-0.038604,0.062876,0.005777
102,1089.61,0.250,-10.625,0.0734,3.2985,50.3907,0.7597,3.7225,1.2678,0.0000,11.2547,0.0000,14.3816,0.0000,0.0000,18.0143,0.2087,0.0000,0.0000,0.0000,0.0000,0.0000,0.0000,0.0000,-1.133,-0.907,0.166,0.022,0.085,0.256376,0.262382,0.352316,0.078065,-0.035296,0.071008,0.015149
103,1088.61,0.250,-10.639,0.0719,3.3509,51.3530,0.2176,2.7050,0.8655,0.0000,19.6296,0.0000,18.7107,0.0000,0.0000,6.4389,0.0796,0.0000,0.0000,0.0000,0.0000,0.0000,0.0000,0.0000,-1.066,-0.841,0.165,0.021,0.085,-0.431917,0.735636,0.615302,0.050783,-0.038514,0.062924,0.005786
103,1088.61,0.250,-10.639,0.0732,3.2996,50.3562,0.7705,3.7304,1.2776,0.0000,11.3025,0.0000,14.3218,0.0000,0.0000,18.0309,0.2100,0.0000,0.0000,0.0000,0.0000,0.0000,0.0000,0.0000,-1.130,-0.905,0.165,0.022,0.085,0.255069,0.261355,0.353939,0.078387,-0.034993,0.070993,0.015250
104,1087.61,0.250,-10.652,0.0707,3.3525,51.3237,0.2185,2.7042,0.8700,0.0000,19.7426,0.0000,18.6419,0.0000,0.0000,6.4194,0.0797,0.0000,0.0000,0.0000,0.0000,0.0000,0.0000,0.0000,-1.047,-0.827,0.162,0.021,0.083,-0.436536,0.736277,0.619164,0.050750,-0.038424,0.062974,0.005794
104,1087.61,0.250,-10.652,0.0731,3.3006,50.3217,0.7814,3.7383,1.2874,0.0000,11.3506,0.0000,14.2618,0.0000,0.0000,18.0474,0.2114,0.0000,0.0000,0.0000,0.0000,0.0000,0.0000,0.0000,-1.127,-0.903,0.165,0.022,0.085,0.253744,0.260331,0.355576,0.078710,-0.034688,0.070977,0.015350
105,1086.61,0.250,-10.665,0.0696,3.3542,51.2942,0.2194,2.7033,0.8745,0.0000,19.8563,0.0000,18.5726,0.0000,0.0000,6.3999,0.0798,0.0000,0.0000,0.0000,0.0000,0.0000,0.0000,0.0000,-1.029,-0.813,0.159,0.021,0.082,-0.441180,0.736919,0.623053,0.050715,-0.038334,0.063024,0.005802
105,1086.61,0.250,-10.665,0.0730,3.3017,50.2870,0.7923,3.7461,1.2973,0.0000,11.3992,0.0000,14.2017,0.0000,0.0000,18.0638,0.2127,0.0000,0.0000,0.0000,0.0000,0.0000,0.0000,0.0000,-1.124,-0.901,0.164,0.022,0.085,0.252399,0.259310,0.357227,0.079031,-0.034380,0.070962,0.015451
106,1085.61,0.250,-10.678,0.0684,3.3558,51.2646,0.2202,2.7023,0.8790,0.0000,19.9707,0.0000,18.5029,0.0000,0.0000,6.3804,0.0798,0.0000,0.0000,0.0000,0.0000,0.0000,0.0000,0.0000,-1.011,-0.799,0.157,0.020,0.081,-0.445849,0.737561,0.626970,0.050678,-0.038244,0.063075,0.005810
106,1085.61,0.250,-10.678,0.0729,3.3028,50.2522,0.8031,3.7539,1.3073,0.0000,11.4482,0.0000,14.1413,0.0000,0.0000,18.0800,0.2140,0.0000,0.0000,0.0000,0.0000,0.0000,0.0000,0.0000,-1.122,-0.899,0.164,0.022,0.085,0.251035,0.258294,0.358893,0.079350,-0.034070,0.070947,0.015551
107,1084.61,0.250,-10.691,0.0673,3.3575,51.2349,0.2210,2.7014,0.8836,0.0000,20.0857,0.0000,18.4326,0.0000,0.0000,6.3610,0.0799,0.0000,0.0000,0.0000,0.0000,0.0000,0.0000,0.0000,-0.994,-0.785,0.154,0.020,0.079,-0.450544,0.738202,0.630914,0.050638,-0.038154,0.063127,0.005817
107,1084.61,0.250,-10.691,0.0728,3.3040,50.2174,0.8140,3.7616,1.3173,0.0000,11.4976,0.0000,14.0808,0.0000,0.0000,18.0960,0.2153,0.0000,0.0000,0.0000,0.0000,0.0000,0.0000,0.0000,-1.121,-0.898,0.164,0.022,0.085,0.249651,0.257281,0.360575,0.079666,-0.033758,0.070932,0.015652
108,1083.61,0.250,-10.705,0.0662,3.3591,51.2051,0.2217,2.7003,0.8881,0.0000,20.2015,0.0000,18.3619,0.0000,0.0000,6.3415,0.0799,0.0000,0.0000,0.0000,0.0000,0.0000,0.0000,0.0000,-0.976,-0.771,0.151,0.020,0.078,-0.455265,0.738843,0.634887,0.050595,-0.038065,0.063181,0.005824
108,1083.61,0.250,-10.705,0.0728,3.3051,50.1825,0.8248,3.7693,1.3275,0.0000,11.5475,0.0000,14.0200,0.0000,0.0000,18.1119,0.2166,0.0000,0.0000,0.0000,0.0000,0.0000,0.0000,0.0000,-1.120,-0.897,0.164,0.022,0.084,0.248245,0.256275,0.362274,0.079980,-0.033444,0.070917,0.015753
109,1082.61,0.250,-10.718,0.0651,3.3608,51.1751,0.2224,2.6992,0.8927,0.0000,20.3179,0.0000,18.2906,0.0000,0.0000,6.3220,0.0800,0.0000,0.0000,0.0000,0.0000,0.0000,0.0000,0.0000,-0.959,-0.757,0.149,0.019,0.077,-0.460011,0.739483,0.638887,0.050550,-0.037975,0.063235,0.005831
109,1082.61,0.250,-10.718,0.0728,3.3062,50.1476,0.8356,3.7768,1.3376,0.0000,11.5979,0.0000,13.9591,0.0000,0.0000,18.1275,0.2179,0.0000,0.0000,0.0000,0.0000,0.0000,0.0000,0.0000,-1.119,-0.897,0.164,0.022,0.084,0.246817,0.255275,0.363990,0.080290,-0.033128,0.070903,0.015854
110,1081.61,0.250,-10.731,0.0640,3.3625,51.1450,0.2230,2.6981,0.8974,0.0000,20.4350,0.0000,18.2189,0.0000,0.0000,6.3026,0.0800,0.0000,0.0000,0.0000,0.0000,0.0000,0.0000,0.0000,-0.941,-0.744,0.146,0.019,0.075,-0.464781,0.740122,0.642917,0.050501,-0.037886,0.063290,0.005838
110,1081.61,0.250,-10.731,0.0728,3.3073,50.1126,0.8463,3.7843,1.3479,0.0000,11.6488,0.0000,13.8980,0.0000,0.0000,18.1429,0.2192,0.0000,0.0000,0.0000,0.0000,0.0000,0.0000,0.0000,-1.118,-0.897,0.164,0.022,0.084,0.245366,0.254282,0.365726,0.080595,-0.032812,0.070889,0.015954
111,1080.61,0.250,-10.745,0.0629,3.3642,51.1148,0.2235,2.6969,0.9020,0.0000,20.5529,0.0000,18.1466,0.0000,0.0000,6.2833,0.0801,0.0000,0.0000,0.0000,0.0000,0.0000,0.0000,0.0000,-0.924,-0.730,0.143,0.019,0.074,-0.469576,0.740758,0.646976,0.050449,-0.037797,0.063346,0.005844
111,1080.61,0.250,-10.745,0.0729,3.3084,50.0777,0.8569,3.7916,1.3581,0.0000,11.7003,0.0000,13.8368,0.0000,0.0000,18.1581,0.2205,0.0000,0.0000,0.0000,0.0000,0.0000,0.0000,0.0000,-1.119,-0.897,0.164,0.022,0.084,0.243891,0.253297,0.367481,0.080894,-0.032493,0.070876,0.016055
112,1079.61,0.250,-10.758,0.0618,3.3659,51.0845,0.2240,2.6956,0.9067,0.0000,20.6715,0.0000,18.0737,0.0000,0.0000,6.2640,0.0801,0.0000,0.0000,0.0000,0.0000,0.0000,0.0000,0.0000,-0.907,-0.717,0.141,0.018,0.073,-0.474395,0.741391,0.651064,0.050394,-0.037707,0.063403,0.005850
112,1079.61,0.250,-10.758,0.0730,3.3096,50.0428,0.8674,3.7987,1.3685,0.0000,11.7525,0.0000,13.7754,0.0000,0.0000,18.1729,0.2218,0.0000,0.0000,0.0000,0.0000,0.0000,0.0000,0.0000,-1.120,-0.899,0.164,0.022,0.085,0.242389,0.252323,0.369259,0.081186,-0.032175,0.070863,0.016155
113,1078.61,0.250,-10.771,0.0607,3.3676,51.0540,0.2244,2.6942,0.9114,0.0000,20.7909,0.0000,18.0002,0.0000,0.0000,6.2448,0.0801,0.0000,0.0000,0.0000,0.0000,0.0000,0.0000,0.0000,-0.889,-0.703,0.138,0.018,0.071,-0.479238,0.742020,0.655184,0.050335,-0.037618,0.063461,0.005856
113,1078.61,0.250,-10.771,0.0733,3.3107,50.0081,0.8777,3.8056,1.3788,0.0000,11.8053,0.0000,13.7139,0.0000,0.0000,18.1874,0.2231,0.0000,0.0000,0.0000,0.0000,0.0000,0.0000,0.0000,-1.124,-0.902,0.164,0.022,0.085,0.240860,0.251361,0.371061,0.081468,-0.031855,0.070852,0.016254
114,1077.61,0.250,-10.785,0.0595,3.3693,51.0234,0.2247,2.6927,0.9161,0.0000,20.9110,0.0000,17.9260,0.0000,0.0000,6.2258,0.0802,0.0000,0.0000,0.0000,0.0000,0.0000,0.0000,0.0000,-0.871,-0.688,0.135,0.018,0.070,-0.484104,0.742643,0.659337,0.050272,-0.037529,0.063521,0.005861
114,1077.61,0.250,-10.785,0.0739,3.3119,49.9737,0.8877,3.8122,1.3892,0.0000,11.8591,0.0000,13.6523,0.0000,0.0000,18.2015,0.2243,0.0000,0.0000,0.0000,0.0000,0.0000,0.0000,0.0000,-1.132,-0.908,0.166,0.022,0.085,0.239299,0.250415,0.372892,0.081736,-0.031537,0.070842,0.016353
115,1076.61,0.250,-10.798,0.0582,3.3710,50.9927,0.2249,2.6911,0.9208,0.0000,21.0321,0.0000,17.8510,0.0000,0.0000,6.2071,0.0802,0.0000,0.0000,0.0000,0.0000,0.0000,0.0000,0.0000,-0.851,-0.672,0.132,0.017,0.068,-0.488989,0.743255,0.663526,0.050202,-0.037441,0.063581,0.005866
115,1076.61,0.250,-10.798,0.0751,3.3130,49.9397,0.8973,3.8183,1.3995,0.0000,11.9140,0.0000,13.5907,0.0000,0.0000,18.2149,0.2256,0.0000,0.0000,0.0000,0.0000,0.0000,0.0000,0.0000,-1.149,-0.922,0.168,0.023,0.087,0.237698,0.249495,0.374762,0.081983,-0.031222,0.070834,0.016450
116,1075.61,0.250,-10.811,0.0564,3.3728,50.9620,0.2249,2.6893,0.9256,0.0000,21.1544,0.0000,17.7748,0.0000,0.0000,6.1889,0.0802,0.0000,0.0000,0.0000,0.0000,0.0000,0.0000,0.0000,-0.824,-0.651,0.128,0.017,0.066,-0.493888,0.743843,0.667764,0.050121,-0.037354,0.063643,0.005871
116,1075.61,0.250,-10.811,0.0783,3.3142,49.9070,0.9059,3.8234,1.4097,0.0000,11.9710,0.0000,13.5293,0.0000,0.0000,18.2271,0.2267,0.0000,0.0000,0.0000,0.0000,0.0000,0.0000,0.0000,-1.198,-0.962,0.175,0.024,0.091,0.236032,0.248627,0.376701,0.082183,-0.030916,0.070831,0.016542
117,1074.61,0.250,-10.825,0.0525,3.3746,50.9311,0.2242,2.6867,0.9303,0.0000,21.2795,0.0000,17.6951,0.0000,0.0000,6.1728,0.0802,0.0000,0.0000,0.0000,0.0000,0.0000,0.0000,0.0000,-0.767,-0.606,0.119,0.016,0.062,-0.498768,0.744342,0.672106,0.050008,-0.037270,0.063708,0.005874
117,1074.61,0.250,-10.825,0.0912,3.3153,49.8790,0.9109,3.8248,1.4189,0.0000,12.0343,0.0000,13.4691,0.0000,0.0000,18.2352,0.2277,0.0000,0.0000,0.0000,0.0000,0.0000,0.0000,0.0000,-1.395,-1.119,0.204,0.028,0.105,0.234189,0.247934,0.378844,0.082220,-0.030652,0.070845,0.016620
118,1073.61,0.250,-10.838,0.0440,3.3764,50.9005,0.2219,2.6822,0.9348,0.0000,21.4106,0.0000,17.6076,0.0000,0.0000,6.1623,0.0802,0.0000,0.0000,0.0000,0.0000,0.0000,0.0000,0.0000,-0.642,-0.507,0.100,0.013,0.051,-0.503552,0.744612,0.676672,0.049811,-0.037197,0.063780,0.005874
118,1073.61,0.250,-10.838,0.1249,3.3164,49.8637,0.9064,3.8168,1.4258,0.0000,12.1138,0.0000,13.4125,0.0000,0.0000,18.2330,0.2281,0.0000,0.0000,0.0000,0.0000,0.0000,0.0000,0.0000,-1.907,-1.531,0.279,0.038,0.144,0.231913,0.247693,0.381497,0.081836,-0.030500,0.070903,0.016658
119,1072.61,0.250,-10.852,0.0395,3.3783,50.8700,0.2188,2.6767,0.9392,0.0000,21.5447,0.0000,17.5160,0.0000,0.0000,6.1545,0.0801,0.0000,0.0000,0.0000,0.0000,0.0000,0.0000,0.0000,-0.575,-0.455,0.090,0.012,0.046,-0.508290,0.744766,0.681355,0.049570,-0.037128,0.063854,0.005873
119,1072.61,0.250,-10.852,0.1391,3.3175,49.8550,0.8970,3.8038,1.4313,0.0000,12.2017,0.0000,13.3578,0.0000,0.0000,18.2252,0.2283,0.0000,0.0000,0.0000,0.0000,0.0000,0.0000,0.0000,-2.122,-1.704,0.311,0.042,0.160,0.229407,0.247690,0.384422,0.081229,-0.030407,0.070984,0.016675
120,1071.61,0.250,-10.865,0.0393,3.3802,50.8395,0.2156,2.6712,0.9436,0.0000,21.6790,0.0000,17.4246,0.0000,0.0000,6.1465,0.0800,0.0000,0.0000,0.0000,0.0000,0.0000,0.0000,0.0000,-0.571,-0.451,0.089,0.012,0.046,-0.513049,0.744930,0.686047,0.049331,-0.037058,0.063927,0.005872
120,1071.61,0.250,-10.865,0.1337,3.3187,49.8460,0.8877,3.7909,1.4369,0.0000,12.2896,0.0000,13.3029,0.0000,0.0000,18.2176,0.2284,0.0000,0.0000,0.0000,0.0000,0.0000,0.0000,0.0000,-2.038,-1.637,0.299,0.040,0.154,0.226894,0.247681,0.387349,0.080630,-0.030312,0.071065,0.016693
121,1070.61,0.250,-10.879,0.0390,3.3821,50.8088,0.2126,2.6657,0.9480,0.0000,21.8134,0.0000,17.3333,0.0000,0.0000,6.1382,0.0800,0.0000,0.0000,0.0000,0.0000,0.0000,0.0000,0.0000,-0.566,-0.448,0.088,0.012,0.046,-0.517831,0.745105,0.690749,0.049094,-0.036987,0.064000,0.005871
121,1070.61,0.250,-10.879,0.1286,3.3198,49.8367,0.8786,3.7783,1.4426,0.0000,12.3776,0.0000,13.2477,0.0000,0.0000,18.2100,0.2286,0.0000,0.0000,0.0000,0.0000,0.0000,0.0000,0.0000,-1.959,-1.573,0.287,0.039,0.148,0.224374,0.247666,0.390281,0.080037,-0.030215,0.071144,0.016713
122,1069.61,0.250,-10.892,0.0387,3.3840,50.7782,0.2096,2.6603,0.9525,0.0000,21.9479,0.0000,17.2420,0.0000,0.0000,6.1297,0.0799,0.0000,0.0000,0.0000,0.0000,0.0000,0.0000,0.0000,-0.562,-0.444,0.088,0.011,0.045,-0.522634,0.745289,0.695461,0.048858,-0.036915,0.064072,0.005870
122,1069.61,0.250,-10.892,0.1238,3.3209,49.8271,0.8697,3.7658,1.4483,0.0000,12.4656,0.0000,13.1922,0.0000,0.0000,18.2026,0.2288,0.0000,0.0000,0.0000,0.0000,0.0000,0.0000,0.0000,-1.884,-1.513,0.276,0.037,0.143,0.221846,0.247645,0.393216,0.079452,-0.030116,0.071223,0.016733
123,1068.61,0.250,-10.906,0.0385,3.3859,50.7475,0.2066,2.6549,0.9569,0.0000,22.0825,0.0000,17.1508,0.0000,0.0000,6.1210,0.0798,0.0000,0.0000,0.0000,0.0000,0.0000,0.0000,0.0000,-0.557,-0.440,0.087,0.011,0.045,-0.527460,0.745482,0.700184,0.048623,-0.036842,0.064143,0.005869
123,1068.61,0.250,-10.906,0.1192,3.3220,49.8172,0.8609,3.7535,1.4540,0.0000,12.5536,0.0000,13.1365,0.0000,0.0000,18.1952,0.2290,0.0000,0.0000,0.0000,0.0000,0.0000,0.0000,0.0000,-1.813,-1.456,0.266,0.036,0.137,0.219309,0.247619,0.396157,0.078872,-0.030014,0.071301,0.016755
124,1067.61,0.250,-10.919,0.0382,3.3878,50.7167,0.2037,2.6495,0.9614,0.0000,22.2173,0.0000,17.0597,0.0000,0.0000,6.1120,0.0798,0.0000,0.0000,0.0000,0.0000,0.0000,0.0000,0.0000,-0.552,-0.437,0.086,0.011,0.044,-0.532308,0.745685,0.704919,0.048389,-0.036767,0.064214,0.005868
124,1067.61,0.250,-10.919,0.1149,3.3232,49.8071,0.8523,3.7413,1.4598,0.0000,12.6418,0.0000,13.0806,0.0000,0.0000,18.1879,0.2292,0.0000,0.0000,0.0000,0.0000,0.0000,0.0000,0.0000,-1.746,-1.402,0.256,0.035,0.132,0.216763,0.247588,0.399103,0.078299,-0.029911,0.071379,0.016778
125,1066.61,0.250,-10.933,0.0379,3.3897,50.6858,0.2008,2.6441,0.9659,0.0000,22.3523,0.0000,16.9685,0.0000,0.0000,6.1028,0.0797,0.0000,0.0000,0.0000,0.0000,0.0000,0.0000,0.0000,-0.547,-0.433,0.086,0.011,0.044,-0.537179,0.745896,0.709665,0.048157,-0.036691,0.064285,0.005867
125,1066.61,0.250,-10.933,0.1108,3.3243,49.7967,0.8438,3.7293,1.4656,0.0000,12.7300,0.0000,13.0244,0.0000,0.0000,18.1807,0.2295,0.0000,0.0000,0.0000,0.0000,0.0000,0.0000,0.0000,-1.682,-1.351,0.247,0.033,0.127,0.214207,0.247552,0.402055,0.077731,-0.029805,0.071457,0.016802
126,1065.61,0.250,-10.947,0.0376,3.3916,50.6548,0.1980,2.6388,0.9704,0.0000,22.4875,0.0000,16.8774,0.0000,0.0000,6.0935,0.0796,0.0000,0.0000,0.0000,0.0000,0.0000,0.0000,0.0000,-0.542,-0.429,0.085,0.011,0.044,-0.542073,0.746116,0.714424,0.047926,-0.036614,0.064355,0.005867
126,1065.61,0.250,-10.947,0.1069,3.3254,49.7860,0.8354,3.7174,1.4715,0.0000,12.8184,0.0000,12.9680,0.0000,0.0000,18.1736,0.2297,0.0000,0.0000,0.0000,0.0000,0.0000,0.0000,0.0000,-1.621,-1.303,0.238,0.032,0.123,0.211641,0.247512,0.405015,0.077169,-0.029697,0.071534,0.016827
127,1064.61,0.250,-10.960,0.0373,3.3935,50.6238,0.1952,2.6335,0.9749,0.0000,22.6228,0.0000,16.7863,0.0000,0.0000,6.0839,0.0796,0.0000,0.0000,0.0000,0.0000,0.0000,0.0000,0.0000,-0.537,-0.425,0.084,0.011,0.043,-0.546990,0.746344,0.719196,0.047696,-0.036536,0.064424,0.005866
127,1064.61,0.250,-10.960,0.1032,3.3266,49.7750,0.8272,3.7057,1.4775,0.0000,12.9069,0.0000,12.9113,0.0000,0.0000,18.1664,0.2300,0.0000,0.0000,0.0000,0.0000,0.0000,0.0000,0.0000,-1.564,-1.257,0.230,0.031,0.119,0.209062,0.247467,0.407981,0.076613,-0.029587,0.071610,0.016853
128,1063.61,0.250,-10.974,0.0370,3.3954,50.5927,0.1925,2.6282,0.9795,0.0000,22.7584,0.0000,16.6951,0.0000,0.0000,6.0741,0.0795,0.0000,0.0000,0.0000,0.0000,0.0000,0.0000,0.0000,-0.532,-0.421,0.083,0.011,0.043,-0.551930,0.746580,0.723981,0.047467,-0.036456,0.064494,0.005865
128,1063.61,0.250,-10.974,0.0997,3.3277,49.7638,0.8192,3.6941,1.4835,0.0000,12.9956,0.0000,12.8543,0.0000,0.0000,18.1594,0.2302,0.0000,0.0000,0.0000,0.0000,0.0000,0.0000,0.0000,-1.509,-1.213,0.222,0.030,0.115,0.206472,0.247419,0.410956,0.076062,-0.029475,0.071687,0.016880
129,1062.61,0.250,-10.988,0.0367,3.3974,50.5615,0.1898,2.6229,0.9841,0.0000,22.8942,0.0000,16.6040,0.0000,0.0000,6.0642,0.0795,0.0000,0.0000,0.0000,0.0000,0.0000,0.0000,0.0000,-0.527,-0.417,0.083,0.011,0.043,-0.556894,0.746823,0.728781,0.047239,-0.036376,0.064562,0.005865
129,1062.61,0.250,-10.988,0.0963,3.3289,49.7523,0.8112,3.6826,1.4895,0.0000,13.0844,0.0000,12.7971,0.0000,0.0000,18.1523,0.2305,0.0000,0.0000,0.0000,0.0000,0.0000,0.0000,0.0000,-1.458,-1.172,0.214,0.029,0.111,0.203869,0.247367,0.413939,0.075516,-0.029361,0.071763,0.016908
130,1061.61,0.250,-11.001,0.0364,3.3993,50.5301,0.1871,2.6176,0.9887,0.0000,23.0303,0.0000,16.5127,0.0000,0.0000,6.0541,0.0794,0.0000,0.0000,0.0000,0.0000,0.0000,0.0000,0.0000,-0.522,-0.413,0.082,0.011,0.042,-0.561881,0.747073,0.733594,0.047012,-0.036294,0.064631,0.005864
130,1061.61,0.250,-11.001,0.0932,3.3301,49.7405,0.8034,3.6713,1.4956,0.0000,13.1734,0.0000,12.7396,0.0000,0.0000,18.1453,0.2308,0.0000,0.0000,0.0000,0.0000,0.0000,0.0000,0.0000,-1.408,-1.132,0.207,0.028,0.107,0.201252,0.247312,0.416931,0.074975,-0.029245,0.071839,0.016937
131,1060.61,0.250,-11.015,0.0361,3.4013,50.4987,0.1845,2.6124,0.9933,0.0000,23.1665,0.0000,16.4214,0.0000,0.0000,6.0438,0.0794,0.0000,0.0000,0.0000,0.0000,0.0000,0.0000,0.0000,-0.517,-0.409,0.081,0.011,0.042,-0.566892,0.747330,0.738423,0.046786,-0.036211,0.064700,0.005864
131,1060.61,0.250,-11.015,0.0901,3.3312,49.7285,0.7957,3.6601,1.5018,0.0000,13.2627,0.0000,12.6818,0.0000,0.0000,18.1383,0.2311,0.0000,0.0000,0.0000,0.0000,0.0000,0.0000,0.0000,-1.361,-1.094,0.200,0.027,0.103,0.198622,0.247253,0.419933,0.074438,-0.029127,0.071915,0.016966
132,1059.61,0.250,-11.029,0.0357,3.4032,50.4672,0.1819,2.6072,0.9979,0.0000,23.3031,0.0000,16.3300,0.0000,0.0000,6.0334,0.0793,0.0000,0.0000,0.0000,0.0000,0.0000,0.0000,0.0000,-0.512,-0.405,0.080,0.011,0.041,-0.571926,0.747593,0.743267,0.046561,-0.036127,0.064768,0.005864
132,1059.61,0.250,-11.029,0.0872,3.3324,49.7162,0.7881,3.6490,1.5080,0.0000,13.3521,0.0000,12.6237,0.0000,0.0000,18.1314,0.2314,0.0000,0.0000,0.0000,0.0000,0.0000,0.0000,0.0000,-1.316,-1.058,0.194,0.026,0.100,0.195977,0.247192,0.422945,0.073906,-0.029008,0.071991,0.016997
133,1058.61,0.250,-11.043,0.0354,3.4052,50.4356,0.1794,2.6020,1.0026,0.0000,23.4399,0.0000,16.2386,0.0000,0.0000,6.0228,0.0792,0.0000,0.0000,0.0000,0.0000,0.0000,0.0000,0.0000,-0.507,-0.401,0.080,0.010,0.041,-0.576984,0.747863,0.748127,0.046337,-0.036042,0.064836,0.005863
133,1058.61,0.250,-11.043,0.0845,3.3336,49.7036,0.7807,3.6380,1.5143,0.0000,13.4418,0.0000,12.5654,0.0000,0.0000,18.1244,0.2318,0.0000,0.0000,0.0000,0.0000,0.0000,0.0000,0.0000,-1.274,-1.024,0.187,0.025,0.097,0.193316,0.247129,0.425967,0.073378,-0.028886,0.072067,0.017028
134,1057.61,0.250,-11.056,0.0351,3.4071,50.4039,0.1769,2.5968,1.0073,0.0000,23.5770,0.0000,16.1470,0.0000,0.0000,6.0120,0.0792,0.0000,0.0000,0.0000,0.0000,0.0000,0.0000,0.0000,-0.502,-0.397,0.079,0.010,0.041,-0.582067,0.748139,0.753003,0.046114,-0.035956,0.064904,0.005863
134,1057.61,0.250,-11.056,0.0818,3.3348,49.6908,0.7733,3.6271,1.5207,0.0000,13.5317,0.0000,12.5068,0.0000,0.0000,18.1174,0.2321,0.0000,0.0000,0.0000,0.0000,0.0000,0.0000,0.0000,-1.233,-0.992,0.181,0.025,0.094,0.190639,0.247063,0.429002,0.072855,-0.028763,0.072143,0.017060
135,1056.61,0.250,-11.070,0.0348,3.4091,50.3721,0.1744,2.5916,1.0120,0.0000,23.7143,0.0000,16.0553,0.0000,0.0000,6.0012,0.0791,0.0000,0.0000,0.0000,0.0000,0.0000,0.0000,0.0000,-0.497,-0.393,0.078,0.010,0.040,-0.587173,0.748420,0.757895,0.045892,-0.035868,0.064972,0.005863
135,1056.61,0.250,-11.070,0.0793,3.3360,49.6778,0.7661,3.6164,1.5271,0.0000,13.6219,0.0000,12.4479,0.0000,0.0000,18.1105,0.2325,0.0000,0.0000,0.0000,0.0000,0.0000,0.0000,0.0000,-1.194,-0.960,0.176,0.024,0.091,0.187946,0.246996,0.432048,0.072335,-0.028637,0.072219,0.017093
136,1055.61,0.250,-11.084,0.0345,3.4111,50.3401,0.1720,2.5865,1.0168,0.0000,23.8520,0.0000,15.9635,0.0000,0.0000,5.9902,0.0791,0.0000,0.0000,0.0000,0.0000,0.0000,0.0000,0.0000,-0.492,-0.389,0.077,0.010,0.040,-0.592304,0.748707,0.762804,0.045670,-0.035780,0.065039,0.005862
136,1055.61,0.250,-11.084,0.0769,3.3372,49.6644,0.7589,3.6058,1.5336,0.0000,13.7124,0.0000,12.3886,0.0000,0.0000,18.1035,0.2328,0.0000,0.0000,0.0000,0.0000,0.0000,0.0000,0.0000,-1.157,-0.931,0.170,0.023,0.088,0.185235,0.246927,0.435106,0.071819,-0.028510,0.072296,0.017127
137,1054.61,0.250,-11.098,0.0342,3.4130,50.3080,0.1696,2.5813,1.0216,0.0000,23.9900,0.0000,15.8715,0.0000,0.0000,5.9790,0.0790,0.0000,0.0000,0.0000,0.0000,0.0000,0.0000,0.0000,-0.487,-0.385,0.077,0.010,0.039,-0.597458,0.748999,0.767731,0.045449,-0.035690,0.065107,0.005862
137,1054.61,0.250,-11.098,0.0746,3.3384,49.6509,0.7519,3.5952,1.5401,0.0000,13.8032,0.0000,12.3291,0.0000,0.0000,18.0965,0.2332,0.0000,0.0000,0.0000,0.0000,0.0000,0.0000,0.0000,-1.122,-0.902,0.165,0.022,0.085,0.182507,0.246856,0.438177,0.071307,-0.028381,0.072372,0.017162
138,1053.61,0.250,-11.112,0.0339,3.4150,50.2759,0.1672,2.5762,1.0264,0.0000,24.1282,0.0000,15.7794,0.0000,0.0000,5.9678,0.0790,0.0000,0.0000,0.0000,0.0000,0.0000,0.0000,0.0000,-0.482,-0.381,0.076,0.010,0.039,-0.602637,0.749296,0.772674,0.045229,-0.035599,0.065174,0.005862
138,1053.61,0.250,-11.112,0.0725,3.3397,49.6370,0.7449,3.5848,1.5467,0.0000,13.8942,0.0000,12.2693,0.0000,0.0000,18.0894,0.2336,0.0000,0.0000,0.0000,0.0000,0.0000,0.0000,0.0000,-1.088,-0.875,0.160,0.022,0.083,0.179760,0.246784,0.441262,0.070798,-0.028250,0.072449,0.017197
139,1052.61,0.250,-11.125,0.0336,3.4170,50.2436,0.1649,2.5711,1.0312,0.0000,24.2668,0.0000,15.6871,0.0000,0.0000,5.9564,0.0789,0.0000,0.0000,0.0000,0.0000,0.0000,0.0000,0.0000,-0.477,-0.377,0.075,0.010,0.039,-0.607841,0.749598,0.777636,0.045010,-0.035507,0.065242,0.005862
139,1052.61,0.250,-11.125,0.0704,3.3409,49.6229,0.7381,3.5744,1.5533,0.0000,13.9856,0.0000,12.2092,0.0000,0.0000,18.0824,0.2339,0.0000,0.0000,0.0000,0.0000,0.0000,0.0000,0.0000,-1.055,-0.849,0.156,0.021,0.080,0.176994,0.246711,0.444361,0.070292,-0.028117,0.072526,0.017233
140,1051.61,0.250,-11.139,0.0333,3.4190,50.2111,0.1626,2.5660,1.0361,0.0000,24.4057,0.0000,15.5947,0.0000,0.0000,5.9449,0.0788,0.0000,0.0000,0.0000,0.0000,0.0000,0.0000,0.0000,-0.472,-0.373,0.074,0.010,0.038,-0.613068,0.749904,0.782616,0.044791,-0.035413,0.065309,0.005862
140,1051.61,0.250,-11.139,0.0683,3.3421,49.6086,0.7313,3.5642,1.5601,0.0000,14.0774,0.0000,12.1488,0.0000,0.0000,18.0753,0.2343,0.0000,0.0000,0.0000,0.0000,0.0000,0.0000,0.0000,-1.024,-0.824,0.151,0.020,0.078,0.174208,0.246638,0.447474,0.069790,-0.027982,0.072603,0.017269
141,1050.61,0.250,-11.153,0.0330,3.4210,50.1786,0.1603,2.5609,1.0410,0.0000,24.5449,0.0000,15.5021,0.0000,0.0000,5.9334,0.0788,0.0000,0.0000,0.0000,0.0000,0.0000,0.0000,0.0000,-0.467,-0.369,0.074,0.010,0.038,-0.618320,0.750214,0.787614,0.044572,-0.035319,0.065377,0.005861
141,1050.61,0.250,-11.153,0.0664,3.3434,49.5940,0.7247,3.5540,1.5669,0.0000,14.1695,0.0000,12.0881,0.0000,0.0000,18.0681,0.2347,0.0000,0.0000,0.0000,0.0000,0.0000,0.0000,0.0000,-0.994,-0.800,0.147,0.020,0.076,0.171401,0.246564,0.450602,0.069291,-0.027846,0.072681,0.017307
142,1049.61,0.250,-11.167,0.0327,3.4231,50.1459,0.1581,2.5559,1.0460,0.0000,24.6845,0.0000,15.4093,0.0000,0.0000,5.9217,0.0787,0.0000,0.0000,0.0000,0.0000,0.0000,0.0000,0.0000,-0.462,-0.366,0.073,0.010,0.038,-0.623596,0.750529,0.792630,0.044354,-0.035223,0.065444,0.005861
142,1049.61,0.250,-11.167,0.0646,3.3446,49.5792,0.7181,3.5439,1.5737,0.0000,14.2619,0.0000,12.0271,0.0000,0.0000,18.0609,0.2351,0.0000,0.0000,0.0000,0.0000,0.0000,0.0000,0.0000,-0.966,-0.777,0.143,0.019,0.074,0.168574,0.246489,0.453746,0.068794,-0.027707,0.072759,0.017345
143,1048.61,0.250,-11.181,0.0324,3.4251,50.1131,0.1559,2.5508,1.0509,0.0000,24.8243,0.0000,15.3163,0.0000,0.0000,5.9099,0.0787,0.0000,0.0000,0.0000,0.0000,0.0000,0.0000,0.0000,-0.458,-0.362,0.072,0.009,0.037,-0.628896,0.750847,0.797666,0.044137,-0.035126,0.065512,0.005861
143,1048.61,0.250,-11.181,0.0628,3.3459,49.5641,0.7116,3.5339,1.5807,0.0000,14.3548,0.0000,11.9657,0.0000,0.0000,18.0537,0.2356,0.0000,0.0000,0.0000,0.0000,0.0000,0.0000,0.0000,-0.939,-0.756,0.139,0.019,0.072,0.165725,0.246415,0.456905,0.068300,-0.027567,0.072838,0.017383
144,1047.61,0.250,-11.195,0.0321,3.4271,50.0801,0.1538,2.5457,1.0559,0.0000,24.9646,0.0000,15.2231,0.0000,0.0000,5.8981,0.0786,0.0000,0.0000,0.0000,0.0000,0.0000,0.0000,0.0000,-0.453,-0.358,0.072,0.009,0.037,-0.634221,0.751168,0.802721,0.043920,-0.035028,0.065579,0.005861
144,1047.61,0.250,-11.195,0.0611,3.3471,49.5487,0.7052,3.5240,1.5877,0.0000,14.4480,0.0000,11.9040,0.0000,0.0000,18.0464,0.2360,0.0000,0.0000,0.0000,0.0000,0.0000,0.0000,0.0000,-0.912,-0.735,0.135,0.018,0.070,0.162854,0.246341,0.460081,0.067809,-0.027425,0.072917,0.017423
145,1046.61,0.250,-11.209,0.0319,3.4292,50.0471,0.1516,2.5407,1.0610,0.0000,25.1051,0.0000,15.1297,0.0000,0.0000,5.8862,0.0786,0.0000,0.0000,0.0000,0.0000,0.0000,0.0000,0.0000,-0.449,-0.355,0.071,0.009,0.037,-0.639570,0.751493,0.807795,0.043703,-0.034928,0.065647,0.005861
145,1046.61,0.250,-11.209,0.0595,3.3484,49.5332,0.6988,3.5142,1.5947,0.0000,14.5417,0.0000,11.8420,0.0000,0.0000,18.0390,0.2364,0.0000,0.0000,0.0000,0.0000,0.0000,0.0000,0.0000,-0.887,-0.714,0.131,0.018,0.068,0.159961,0.246267,0.463274,0.067321,-0.027281,0.072996,0.017462
146,1045.61,0.250,-11.223,0.0316,3.4312,50.0139,0.1495,2.5357,1.0661,0.0000,25.2461,0.0000,15.0361,0.0000,0.0000,5.8742,0.0785,0.0000,0.0000,0.0000,0.0000,0.0000,0.0000,0.0000,-0.444,-0.351,0.070,0.009,0.036,-0.644943,0.751820,0.812888,0.043487,-0.034827,0.065714,0.005861
146,1045.61,0.250,-11.223,0.0579,3.3497,49.5173,0.6926,3.5044,1.6019,0.0000,14.6357,0.0000,11.7797,0.0000,0.0000,18.0315,0.2369,0.0000,0.0000,0.0000,0.0000,0.0000,0.0000,0.0000,-0.863,-0.695,0.128,0.017,0.066,0.157043,0.246195,0.466484,0.066834,-0.027135,0.073076,0.017503
147,1044.61,0.250,-11.237,0.0313,3.4333,49.9805,0.1475,2.5307,1.0712,0.0000,25.3873,0.0000,14.9422,0.0000,0.0000,5.8621,0.0785,0.0000,0.0000,0.0000,0.0000,0.0000,0.0000,0.0000,-0.440,-0.348,0.070,0.009,0.036,-0.650341,0.752151,0.818002,0.043271,-0.034725,0.065782,0.005860
147,1044.61,0.250,-11.237,0.0564,3.3510,49.5012,0.6864,3.4948,1.6091,0.0000,14.7302,0.0000,11.7170,0.0000,0.0000,18.0240,0.2373,0.0000,0.0000,0.0000,0.0000,0.0000,0.0000,0.0000,-0.840,-0.676,0.124,0.017,0.064,0.154102,0.246122,0.469712,0.066350,-0.026987,0.073156,0.017544
148,1043.61,0.250,-11.251,0.0310,3.4353,49.9471,0.1454,2.5256,1.0763,0.0000,25.5289,0.0000,14.8482,0.0000,0.0000,5.8500,0.0784,0.0000,0.0000,0.0000,0.0000,0.0000,0.0000,0.0000,-0.435,-0.344,0.069,0.009,0.036,-0.655762,0.752484,0.823135,0.043055,-0.034622,0.065850,0.005860
148,1043.61,0.250,-11.251,0.0550,3.3523,49.4849,0.6803,3.4851,1.6164,0.0000,14.8252,0.0000,11.6541,0.0000,0.0000,18.0163,0.2378,0.0000,0.0000,0.0000,0.0000,0.0000,0.0000,0.0000,-0.818,-0.659,0.121,0.016,0.063,0.151137,0.246052,0.472958,0.065868,-0.026838,0.073237,0.017586
149,1042.61,0.250,-11.265,0.0308,3.4374,49.9135,0.1434,2.5206,1.0815,0.0000,25.6709,0.0000,14.7539,0.0000,0.0000,5.8378,0.0783,0.0000,0.0000,0.0000,0.0000,0.0000,0.0000,0.0000,-0.431,-0.341,0.068,0.009,0.035,-0.661208,0.752819,0.828289,0.042840,-0.034517,0.065917,0.005860
149,1042.61,0.250,-11.265,0.0536,3.3536,49.4683,0.6742,3.4756,1.6237,0.0000,14.9206,0.0000,11.5907,0.0000,0.0000,18.0086,0.2382,0.0000,0.0000,0.0000,0.0000,0.0000,0.0000,0.0000,-0.796,-0.641,0.118,0.016,0.061,0.148146,0.245982,0.476224,0.065388,-0.026686,0.073318,0.017628
150,1041.61,0.250,-11.280,0.0305,3.4395,49.8797,0.1414,2.5156,1.0868,0.0000,25.8132,0.0000,14.6593,0.0000,0.0000,5.8256,0.0783,0.0000,0.0000,0.0000,0.0000,0.0000,0.0000,0.0000,-0.427,-0.337,0.068,0.009,0.035,-0.666678,0.753157,0.833462,0.042625,-0.034411,0.065985,0.005860
150,1041.61,0.250,-11.280,0.0523,3.3549,49.4515,0.6683,3.4661,1.6311,0.0000,15.0164,0.0000,11.5271,0.0000,0.0000,18.0008,0.2387,0.0000,0.0000,0.0000,0.0000,0.0000,0.0000,0.0000,-0.776,-0.625,0.115,0.016,0.059,0.145129,0.245914,0.479508,0.064910,-0.026533,0.073401,0.017671
156,1035.61,0.250,-11.365,0.1604,3.3611,49.2105,0.7166,3.4953,1.7361,0.0000,15.1433,0.0000,10.8892,0.0000,0.0000,18.5598,0.2493,0.0000,0.0000,0.0000,0.0000,0.0000,0.0000,0.0000,-2.373,-1.914,0.351,0.048,0.182,0.161279,0.219899,0.485024,0.065251,-0.023974,0.074007,0.018513
157,1034.61,0.250,-11.379,0.0644,3.3626,49.2061,0.7039,3.4777,1.7383,0.0000,15.2739,0.0000,10.8469,0.0000,0.0000,18.5041,0.2492,0.0000,0.0000,0.0000,0.0000,0.0000,0.0000,0.0000,-0.951,-0.767,0.141,0.019,0.073,0.155602,0.221848,0.489429,0.064490,-0.023928,0.074047,0.018511
158,1033.61,0.250,-11.393,0.0633,3.3640,49.2012,0.6912,3.4603,1.7404,0.0000,15.4064,0.0000,10.8043,0.0000,0.0000,18.4471,0.2490,0.0000,0.0000,0.0000,0.0000,0.0000,0.0000,0.0000,-0.934,-0.754,0.138,0.019,0.072,0.149810,0.223846,0.493896,0.063735,-0.023882,0.074087,0.018509
159,1032.61,0.250,-11.408,0.0623,3.3655,49.1960,0.6787,3.4429,1.7426,0.0000,15.5406,0.0000,10.7614,0.0000,0.0000,18.3889,0.2489,0.0000,0.0000,0.0000,0.0000,0.0000,0.0000,0.0000,-0.918,-0.741,0.136,0.019,0.070,0.143897,0.225894,0.498429,0.062985,-0.023836,0.074126,0.018505
160,1031.61,0.250,-11.422,0.0613,3.3670,49.1903,0.6663,3.4255,1.7448,0.0000,15.6768,0.0000,10.7183,0.0000,0.0000,18.3293,0.2487,0.0000,0.0000,0.0000,0.0000,0.0000,0.0000,0.0000,-0.902,-0.728,0.134,0.018,0.069,0.137858,0.227996,0.503030,0.062239,-0.023789,0.074165,0.018501
161,1030.61,0.250,-11.436,0.0603,3.3685,49.1842,0.6540,3.4083,1.7469,0.0000,15.8150,0.0000,10.6748,0.0000,0.0000,18.2684,0.2485,0.0000,0.0000,0.0000,0.0000,0.0000,0.0000,0.0000,-0.887,-0.715,0.131,0.018,0.068,0.131687,0.230155,0.507702,0.061498,-0.023741,0.074204,0.018495
162,1029.61,0.250,-11.451,0.0594,3.3701,49.1777,0.6417,3.3911,1.7491,0.0000,15.9552,0.0000,10.6310,0.0000,0.0000,18.2059,0.2483,0.0000,0.0000,0.0000,0.0000,0.0000,0.0000,0.0000,-0.872,-0.704,0.129,0.018,0.067,0.125379,0.232374,0.512450,0.060762,-0.023693,0.074241,0.018488
170,1021.61,0.250,-11.566,0.1395,3.3795,48.8621,0.6985,3.4147,1.8899,0.0000,16.2629,0.0000,9.8234,0.0000,0.0000,18.7868,0.2615,0.0000,0.0000,0.0000,0.0000,0.0000,0.0000,0.0000,-2.038,-1.647,0.302,0.041,0.157,0.136254,0.204139,0.524536,0.060663,-0.020144,0.074995,0.019557
171,1020.61,0.250,-11.581,0.0301,3.3809,48.8350,0.6981,3.4096,1.9020,0.0000,16.3447,0.0000,9.7445,0.0000,0.0000,18.8036,0.2625,0.0000,0.0000,0.0000,0.0000,0.0000,0.0000,0.0000,-0.440,-0.355,0.065,0.009,0.034,0.134373,0.202960,0.527446,0.060353,-0.019839,0.075068,0.019639
172,1019.61,0.250,-11.596,0.0295,3.3823,48.8077,0.6977,3.4044,1.9141,0.0000,16.4270,0.0000,9.6655,0.0000,0.0000,18.8201,0.2634,0.0000,0.0000,0.0000,0.0000,0.0000,0.0000,0.0000,-0.430,-0.347,0.064,0.009,0.033,0.132453,0.201794,0.530379,0.060043,-0.019531,0.075141,0.019720
173,1018.61,0.250,-11.610,0.0289,3.3837,48.7803,0.6973,3.3992,1.9264,0.0000,16.5099,0.0000,9.5865,0.0000,0.0000,18.8361,0.2644,0.0000,0.0000,0.0000,0.0000,0.0000,0.0000,0.0000,-0.421,-0.340,0.062,0.009,0.032,0.130494,0.200642,0.533335,0.059732,-0.019220,0.075214,0.019803
174,1017.61,0.250,-11.625,0.0283,3.3851,48.7527,0.6970,3.3940,1.9386,0.0000,16.5934,0.0000,9.5073,0.0000,0.0000,18.8516,0.2654,0.0000,0.0000,0.0000,0.0000,0.0000,0.0000,0.0000,-0.412,-0.333,0.061,0.008,0.032,0.128496,0.199505,0.536313,0.059420,-0.018906,0.075287,0.019885
175,1016.61,0.250,-11.640,0.0277,3.3865,48.7250,0.6967,3.3887,1.9510,0.0000,16.6774,0.0000,9.4280,0.0000,0.0000,18.8668,0.2663,0.0000,0.0000,0.0000,0.0000,0.0000,0.0000,0.0000,-0.403,-0.326,0.060,0.008,0.031,0.126459,0.198381,0.539313,0.059108,-0.018589,0.075360,0.019968
176,1015.61,0.250,-11.654,0.0272,3.3879,48.6972,0.6964,3.3835,1.9635,0.0000,16.7620,0.0000,9.3486,0.0000,0.0000,18.8816,0.2673,0.0000,0.0000,0.0000,0.0000,0.0000,0.0000,0.0000,-0.394,-0.319,0.059,0.008,0.030,0.124382,0.197272,0.542336,0.058795,-0.018269,0.075433,0.020051
177,1014.61,0.250,-11.669,0.0266,3.3893,48.6691,0.6962,3.3782,1.9760,0.0000,16.8472,0.0000,9.2691,0.0000,0.0000,18.8959,0.2683,0.0000,0.0000,0.0000,0.0000,0.0000,0.0000,0.0000,-0.386,-0.312,0.057,0.008,0.030,0.122266,0.196177,0.545382,0.058480,-0.017947,0.075506,0.020135
178,1013.61,0.250,-11.684,0.0261,3.3908,48.6410,0.6960,3.3729,1.9886,0.0000,16.9329,0.0000,9.1895,0.0000,0.0000,18.9098,0.2693,0.0000,0.0000,0.0000,0.0000,0.0000,0.0000,0.0000,-0.379,-0.306,0.056,0.008,0.029,0.120111,0.195097,0.548450,0.058165,-0.017621,0.075578,0.020219
179,1012.61,0.250,-11.698,0.0256,3.3922,48.6127,0.6959,3.3676,2.0013,0.0000,17.0192,0.0000,9.1097,0.0000,0.0000,18.9233,0.2702,0.0000,0.0000,0.0000,0.0000,0.0000,0.0000,0.0000,-0.371,-0.300,0.055,0.008,0.029,0.117916,0.194031,0.551542,0.057849,-0.017293,0.075651,0.020303
180,1011.61,0.250,-11.713,0.0252,3.3936,48.5843,0.6957,3.3623,2.0141,0.0000,17.1061,0.0000,9.0299,0.0000,0.0000,18.9364,0.2712,0.0000,0.0000,0.0000,0.0000,0.0000,0.0000,0.0000,-0.364,-0.294,0.054,0.007,0.028,0.115681,0.192980,0.554657,0.057531,-0.016961,0.075723,0.020388
181,1010.61,0.250,-11.728,0.0247,3.3951,48.5557,0.6956,3.3570,2.0269,0.0000,17.1936,0.0000,8.9500,0.0000,0.0000,18.9490,0.2722,0.0000,0.0000,0.0000,0.0000,0.0000,0.0000,0.0000,-0.357,-0.289,0.053,0.007,0.028,0.113407,0.191944,0.557794,0.057213,-0.016627,0.075796,0.020473
182,1009.61,0.250,-11.743,0.0243,3.3966,48.5271,0.6955,3.3516,2.0398,0.0000,17.2816,0.0000,8.8700,0.0000,0.0000,18.9612,0.2732,0.0000,0.0000,0.0000,0.0000,0.0000,0.0000,0.0000,-0.350,-0.283,0.052,0.007,0.027,0.111093,0.190922,0.560955,0.056893,-0.016290,0.075868,0.020559
183,1008.61,0.250,-11.758,0.0238,3.3980,48.4982,0.6955,3.3462,2.0528,0.0000,17.3702,0.0000,8.7899,0.0000,0.0000,18.9730,0.2742,0.0000,0.0000,0.0000,0.0000,0.0000,0.0000,0.0000,-0.344,-0.278,0.051,0.007,0.027,0.108740,0.189915,0.564138,0.056572,-0.015949,0.075940,0.020644
184,1007.61,0.250,-11.773,0.0234,3.3995,48.4693,0.6955,3.3408,2.0659,0.0000,17.4593,0.0000,8.7097,0.0000,0.0000,18.9844,0.2752,0.0000,0.0000,0.0000,0.0000,0.0000,0.0000,0.0000,-0.337,-0.273,0.050,0.007,0.026,0.106348,0.188922,0.567344,0.056250,-0.015606,0.076011,0.020731
185,1006.61,0.250,-11.787,0.0230,3.4010,48.4402,0.6955,3.3353,2.0790,0.0000,17.5490,0.0000,8.6294,0.0000,0.0000,18.9954,0.2762,0.0000,0.0000,0.0000,0.0000,0.0000,0.0000,0.0000,-0.331,-0.268,0.049,0.007,0.026,0.103917,0.187944,0.570573,0.055926,-0.015260,0.076083,0.020817
186,1005.61,0.250,-11.802,0.0226,3.4025,48.4111,0.6955,3.3298,2.0922,0.0000,17.6393,0.0000,8.5490,0.0000,0.0000,19.0059,0.2772,0.0000,0.0000,0.0000,0.0000,0.0000,0.0000,0.0000,-0.325,-0.263,0.049,0.007,0.025,0.101447,0.186981,0.573825,0.055601,-0.014911,0.076154,0.020904
187,1004.61,0.250,-11.817,0.0223,3.4040,48.3818,0.6955,3.3243,2.1055,0.0000,17.7301,0.0000,8.4685,0.0000,0.0000,19.0161,0.2782,0.0000,0.0000,0.0000,0.0000,0.0000,0.0000,0.0000,-0.320,-0.259,0.048,0.007,0.025,0.098938,0.186032,0.577100,0.055274,-0.014560,0.076225,0.020991
188,1003.61,0.250,-11.832,0.0219,3.4055,48.3524,0.6956,3.3188,2.1188,0.0000,17.8215,0.0000,8.3880,0.0000,0.0000,19.0258,0.2792,0.0000,0.0000,0.0000,0.0000,0.0000,0.0000,0.0000,-0.314,-0.255,0.047,0.006,0.024,0.096391,0.185097,0.580397,0.054946,-0.014205,0.076296,0.021078
189,1002.61,0.250,-11.847,0.0216,3.4071,48.3228,0.6957,3.3132,2.1323,0.0000,17.9135,0.0000,8.3073,0.0000,0.0000,19.0351,0.2802,0.0000,0.0000,0.0000,0.0000,0.0000,0.0000,0.0000,-0.309,-0.250,0.046,0.006,0.024,0.093805,0.184177,0.583717,0.054616,-0.013847,0.076366,0.021166
190,1001.61,0.250,-11.862,0.0212,3.4086,48.2932,0.6958,3.3075,2.1457,0.0000,18.0059,0.0000,8.2266,0.0000,0.0000,19.0440,0.2812,0.0000,0.0000,0.0000,0.0000,0.0000,0.0000,0.0000,-0.304,-0.246,0.045,0.006,0.024,0.091182,0.183271,0.587059,0.054284,-0.013486,0.076436,0.021254
191,1000.61,0.250,-11.877,0.0209,3.4101,48.2635,0.6959,3.3019,2.1593,0.0000,18.0989,0.0000,8.1458,0.0000,0.0000,19.0525,0.2822,0.0000,0.0000,0.0000,0.0000,0.0000,0.0000,0.0000,-0.299,-0.242,0.045,0.006,0.023,0.088521,0.182379,0.590423,0.053951,-0.013123,0.076506,0.021343
192,999.61,0.250,-11.892,0.0206,3.4117,48.2336,0.6961,3.2962,2.1729,0.0000,18.1925,0.0000,8.0649,0.0000,0.0000,19.0606,0.2832,0.0000,0.0000,0.0000,0.0000,0.0000,0.0000,0.0000,-0.295,-0.239,0.044,0.006,0.023,0.085822,0.181501,0.593810,0.053616,-0.012756,0.076575,0.021431
193,998.61,0.250,-11.907,0.0203,3.4132,48.2037,0.6962,3.2904,2.1866,0.0000,18.2865,0.0000,7.9840,0.0000,0.0000,19.0684,0.2842,0.0000,0.0000,0.0000,0.0000,0.0000,0.0000,0.0000,-0.290,-0.235,0.043,0.006,0.022,0.083086,0.180637,0.597219,0.053280,-0.012386,0.076644,0.021520
194,997.61,0.250,-11.923,0.0200,3.4148,48.1737,0.6964,3.2846,2.2004,0.0000,18.3811,0.0000,7.9029,0.0000,0.0000,19.0757,0.2852,0.0000,0.0000,0.0000,0.0000,0.0000,0.0000,0.0000,-0.286,-0.231,0.043,0.006,0.022,0.080314,0.179788,0.600650,0.052941,-0.012014,0.076712,0.021610
195,996.61,0.250,-11.938,0.0198,3.4163,48.1435,0.6966,3.2788,2.2142,0.0000,18.4762,0.0000,7.8219,0.0000,0.0000,19.0826,0.2863,0.0000,0.0000,0.0000,0.0000,0.0000,0.0000,0.0000,-0.281,-0.228,0.042,0.006,0.022,0.077505,0.178952,0.604102,0.052601,-0.011638,0.076780,0.021699
196,995.61,0.250,-11.953,0.0195,3.4179,48.1133,0.6968,3.2729,2.2280,0.0000,18.5718,0.0000,7.7407,0.0000,0.0000,19.0891,0.2873,0.0000,0.0000,0.0000,0.0000,0.0000,0.0000,0.0000,-0.277,-0.225,0.041,0.006,0.021,0.074660,0.178129,0.607576,0.052258,-0.011260,0.076847,0.021789
197,994.61,0.250,-11.968,0.0192,3.4195,48.0830,0.6971,3.2669,2.2420,0.0000,18.6679,0.0000,7.6595,0.0000,0.0000,19.0953,0.2883,0.0000,0.0000,0.0000,0.0000,0.0000,0.0000,0.0000,-0.273,-0.221,0.041,0.006,0.021,0.071779,0.177321,0.611071,0.051914,-0.010878,0.076914,0.021879
198,993.61,0.250,-11.983,0.0024,3.4196,48.0830,0.6971,3.2669,2.2420,0.0000,18.6679,0.0000,7.6595,0.0000,0.0000,19.0953,0.2883,0.0000,0.0000,0.0000,0.0000,0.0000,0.0000,0.0000,-0.033,-0.027,0.005,0.001,0.003,0.071779,0.177321,0.611071,0.051914,-0.010878,0.076914,0.021879
199,992.61,0.250,-11.998,0.0357,3.4227,48.0225,0.6976,3.2548,2.2698,0.0000,18.8608,0.0000,7.4977,0.0000,0.0000,19.1064,0.2904,0.0000,0.0000,0.0000,0.0000,0.0000,0.0000,0.0000,-0.506,-0.410,0.076,0.010,0.039,0.065938,0.175752,0.618096,0.051221,-0.010109,0.077041,0.022060
200,991.61,0.250,-12.014,0.0185,3.4243,47.9920,0.6978,3.2487,2.2839,0.0000,18.9584,0.0000,7.4163,0.0000,0.0000,19.1115,0.2914,0.0000,0.0000,0.0000,0.0000,0.0000,0.0000,0.0000,-0.262,-0.213,0.039,0.005,0.020,0.062953,0.174984,0.621654,0.050870,-0.009718,0.077106,0.022151
201,990.61,0.250,-12.029,0.0183,3.4259,47.9614,0.6981,3.2426,2.2981,0.0000,19.0564,0.0000,7.3348,0.0000,0.0000,19.1161,0.2924,0.0000,0.0000,0.0000,0.0000,0.0000,0.0000,0.0000,-0.259,-0.210,0.039,0.005,0.020,0.059934,0.174228,0.625232,0.050518,-0.009325,0.077171,0.022243
202,989.61,0.250,-12.044,0.0181,3.4275,47.9307,0.6984,3.2364,2.3123,0.0000,19.1549,0.0000,7.2534,0.0000,0.0000,19.1205,0.2934,0.0000,0.0000,0.0000,0.0000,0.0000,0.0000,0.0000,-0.255,-0.207,0.038,0.005,0.020,0.056881,0.173485,0.628831,0.050163,-0.008929,0.077234,0.022335
203,988.61,0.250,-12.060,0.0179,3.4291,47.8999,0.6987,3.2301,2.3266,0.0000,19.2538,0.0000,7.1718,0.0000,0.0000,19.1244,0.2945,0.0000,0.0000,0.0000,0.0000,0.0000,0.0000,0.0000,-0.252,-0.205,0.038,0.005,0.020,0.053795,0.172755,0.632449,0.049807,-0.008529,0.077297,0.022426
204,987.61,0.250,-12.075,0.0177,3.4308,47.8691,0.6990,3.2238,2.3410,0.0000,19.3532,0.0000,7.0903,0.0000,0.0000,19.1280,0.2955,0.0000,0.0000,0.0000,0.0000,0.0000,0.0000,0.0000,-0.249,-0.202,0.037,0.005,0.019,0.050676,0.172038,0.636088,0.049448,-0.008127,0.077360,0.022519
205,986.61,0.250,-12.090,0.0175,3.4324,47.8382,0.6994,3.2175,2.3554,0.0000,19.4531,0.0000,7.0087,0.0000,0.0000,19.1313,0.2966,0.0000,0.0000,0.0000,0.0000,0.0000,0.0000,0.0000,-0.246,-0.200,0.037,0.005,0.019,0.047525,0.171333,0.639746,0.049086,-0.007722,0.077421,0.022611
206,985.61,0.250,-12.106,0.0173,3.4341,47.8073,0.6997,3.2110,2.3698,0.0000,19.5533,0.0000,6.9271,0.0000,0.0000,19.1342,0.2976,0.0000,0.0000,0.0000,0.0000,0.0000,0.0000,0.0000,-0.243,-0.197,0.037,0.005,0.019,0.044342,0.170641,0.643423,0.048723,-0.007314,0.077481,0.022704
207,984.61,0.250,-12.121,0.0171,3.4357,47.7763,0.7001,3.2045,2.3843,0.0000,19.6540,0.0000,6.8454,0.0000,0.0000,19.1368,0.2986,0.0000,0.0000,0.0000,0.0000,0.0000,0.0000,0.0000,-0.240,-0.195,0.036,0.005,0.019,0.041128,0.169961,0.647119,0.048357,-0.006903,0.077541,0.022797
208,983.61,0.250,-12.137,0.0169,3.4373,47.7456,0.7004,3.1980,2.3987,0.0000,19.7541,0.0000,6.7644,0.0000,0.0000,19.1391,0.2997,0.0000,0.0000,0.0000,0.0000,0.0000,0.0000,0.0000,-0.237,-0.193,0.036,0.005,0.019,0.037919,0.169295,0.650797,0.047992,-0.006493,0.077600,0.022890
209,982.61,0.250,-12.152,0.0168,3.4390,47.7142,0.7008,3.1913,2.4134,0.0000,19.8565,0.0000,6.6820,0.0000,0.0000,19.1409,0.3007,0.0000,0.0000,0.0000,0.0000,0.0000,0.0000,0.0000,-0.236,-0.191,0.035,0.005,0.018,0.034608,0.168637,0.654566,0.047618,-0.006072,0.077658,0.022984
210,981.61,0.250,-12.168,0.0166,3.4407,47.6831,0.7012,3.1847,2.4280,0.0000,19.9584,0.0000,6.6004,0.0000,0.0000,19.1425,0.3018,0.0000,0.0000,0.0000,0.0000,0.0000,0.0000,0.0000,-0.233,-0.189,0.035,0.005,0.018,0.031304,0.167993,0.658317,0.047245,-0.005652,0.077715,0.023078
211,980.61,0.250,-12.183,0.0164,3.4424,47.6519,0.7015,3.1779,2.4427,0.0000,20.0606,0.0000,6.5186,0.0000,0.0000,19.1438,0.3028,0.0000,0.0000,0.0000,0.0000,0.0000,0.0000,0.0000,-0.230,-0.187,0.035,0.005,0.018,0.027970,0.167361,0.662086,0.046870,-0.005229,0.077770,0.023172
212,979.61,0.250,-12.199,0.0163,3.4440,47.6208,0.7019,3.1711,2.4574,0.0000,20.1632,0.0000,6.4369,0.0000,0.0000,19.1448,0.3039,0.0000,0.0000,0.0000,0.0000,0.0000,0.0000,0.0000,-0.228,-0.185,0.034,0.005,0.018,0.024608,0.166740,0.665871,0.046492,-0.004803,0.077825,0.023266
213,978.61,0.250,-12.214,0.0162,3.4457,47.5895,0.7023,3.1642,2.4721,0.0000,20.2662,0.0000,6.3553,0.0000,0.0000,19.1454,0.3049,0.0000,0.0000,0.0000,0.0000,0.0000,0.0000,0.0000,-0.226,-0.183,0.034,0.005,0.018,0.021219,0.166131,0.669673,0.046112,-0.004375,0.077879,0.023361
214,977.61,0.250,-12.230,0.0160,3.4474,47.5583,0.7027,3.1573,2.4869,0.0000,20.3695,0.0000,6.2736,0.0000,0.0000,19.1458,0.3060,0.0000,0.0000,0.0000,0.0000,0.0000,0.0000,0.0000,-0.223,-0.181,0.034,0.005,0.017,0.017802,0.165532,0.673492,0.045730,-0.003944,0.077931,0.023456
215,976.61,0.250,-12.245,0.0159,3.4491,47.5271,0.7031,3.1502,2.5017,0.0000,20.4731,0.0000,6.1919,0.0000,0.0000,19.1458,0.3070,0.0000,0.0000,0.0000,0.0000,0.0000,0.0000,0.0000,-0.221,-0.180,0.033,0.005,0.017,0.014359,0.164945,0.677327,0.045345,-0.003510,0.077983,0.023551
216,975.61,0.250,-12.261,0.0158,3.4508,47.4958,0.7035,3.1432,2.5165,0.0000,20.5770,0.0000,6.1103,0.0000,0.0000,19.1456,0.3081,0.0000,0.0000,0.0000,0.0000,0.0000,0.0000,0.0000,-0.219,-0.178,0.033,0.005,0.017,0.010890,0.164369,0.681177,0.044957,-0.003073,0.078033,0.023646
217,974.61,0.250,-12.277,0.0156,3.4525,47.4646,0.7039,3.1360,2.5314,0.0000,20.6812,0.0000,6.0287,0.0000,0.0000,19.1450,0.3092,0.0000,0.0000,0.0000,0.0000,0.0000,0.0000,0.0000,-0.217,-0.176,0.033,0.005,0.017,0.007396,0.163804,0.685042,0.044568,-0.002633,0.078082,0.023742
218,973.61,0.250,-12.292,0.0155,3.4542,47.4333,0.7044,3.1288,2.5463,0.0000,20.7857,0.0000,5.9471,0.0000,0.0000,19.1442,0.3102,0.0000,0.0000,0.0000,0.0000,0.0000,0.0000,0.0000,-0.215,-0.175,0.032,0.004,0.017,0.003877,0.163249,0.688922,0.044175,-0.002191,0.078130,0.023838
219,972.61,0.250,-12.308,0.0154,3.4560,47.4020,0.7048,3.1215,2.5612,0.0000,20.8905,0.0000,5.8656,0.0000,0.0000,19.1432,0.3113,0.0000,0.0000,0.0000,0.0000,0.0000,0.0000,0.0000,-0.213,-0.173,0.032,0.004,0.017,0.000335,0.162705,0.692815,0.043781,-0.001746,0.078176,0.023934
220,971.61,0.250,-12.324,0.0153,3.4577,47.3708,0.7052,3.1141,2.5761,0.0000,20.9955,0.0000,5.7841,0.0000,0.0000,19.1418,0.3123,0.0000,0.0000,0.0000,0.0000,0.0000,0.0000,0.0000,-0.212,-0.172,0.032,0.004,0.017,-0.003230,0.162171,0.696722,0.043384,-0.001298,0.078221,0.024030
221,970.61,0.250,-12.340,0.0152,3.4594,47.3395,0.7056,3.1067,2.5911,0.0000,21.1008,0.0000,5.7027,0.0000,0.0000,19.1402,0.3134,0.0000,0.0000,0.0000,0.0000,0.0000,0.0000,0.0000,-0.210,-0.170,0.032,0.004,0.016,-0.006817,0.161648,0.700642,0.042984,-0.000848,0.078264,0.024127
222,969.61,0.250,-12.355,0.0151,3.4611,47.3083,0.7060,3.0992,2.6061,0.0000,21.2063,0.0000,5.6214,0.0000,0.0000,19.1383,0.3145,0.0000,0.0000,0.0000,0.0000,0.0000,0.0000,0.0000,-0.208,-0.169,0.031,0.004,0.016,-0.010426,0.161134,0.704575,0.042583,-0.000395,0.078307,0.024223
223,968.61,0.250,-12.371,0.0150,3.4629,47.2771,0.7065,3.0916,2.6211,0.0000,21.3120,0.0000,5.5402,0.0000,0.0000,19.1362,0.3155,0.0000,0.0000,0.0000,0.0000,0.0000,0.0000,0.0000,-0.206,-0.168,0.031,0.004,0.016,-0.014055,0.160630,0.708519,0.042179,0.000060,0.078347,0.024320
224,967.61,0.250,-12.387,0.0149,3.4646,47.2459,0.7069,3.0839,2.6361,0.0000,21.4178,0.0000,5.4590,0.0000,0.0000,19.1338,0.3166,0.0000,0.0000,0.0000,0.0000,0.0000,0.0000,0.0000,-0.205,-0.166,0.031,0.004,0.016,-0.017703,0.160136,0.712474,0.041772,0.000517,0.078387,0.024417
225,966.61,0.250,-12.403,0.0147,3.4663,47.2151,0.7073,3.0763,2.6509,0.0000,21.5227,0.0000,5.3788,0.0000,0.0000,19.1312,0.3177,0.0000,0.0000,0.0000,0.0000,0.0000,0.0000,0.0000,-0.203,-0.165,0.031,0.004,0.016,-0.021329,0.159654,0.716396,0.041369,0.000972,0.078425,0.024514
226,965.61,0.250,-12.419,0.0147,3.4681,47.1837,0.7077,3.0684,2.6661,0.0000,21.6300,0.0000,5.2970,0.0000,0.0000,19.1283,0.3187,0.0000,0.0000,0.0000,0.0000,0.0000,0.0000,0.0000,-0.202,-0.164,0.031,0.004,0.016,-0.025056,0.159176,0.720414,0.040953,0.001439,0.078461,0.024612
227,964.61,0.250,-12.435,0.0146,3.4698,47.1526,0.7082,3.0606,2.6811,0.0000,21.7363,0.0000,5.2162,0.0000,0.0000,19.1252,0.3198,0.0000,0.0000,0.0000,0.0000,0.0000,0.0000,0.0000,-0.200,-0.163,0.030,0.004,0.016,-0.028758,0.158710,0.724399,0.040540,0.001904,0.078495,0.024710
228,963.61,0.250,-12.451,0.0145,3.4715,47.1216,0.7086,3.0527,2.6961,0.0000,21.8428,0.0000,5.1355,0.0000,0.0000,19.1219,0.3209,0.0000,0.0000,0.0000,0.0000,0.0000,0.0000,0.0000,-0.199,-0.161,0.030,0.004,0.016,-0.032476,0.158253,0.728391,0.040125,0.002370,0.078528,0.024808
229,962.61,0.250,-12.467,0.0144,3.4733,47.0907,0.7090,3.0447,2.7111,0.0000,21.9493,0.0000,5.0550,0.0000,0.0000,19.1184,0.3219,0.0000,0.0000,0.0000,0.0000,0.0000,0.0000,0.0000,-0.197,-0.160,0.030,0.004,0.016,-0.036209,0.157805,0.732392,0.039708,0.002839,0.078560,0.024906
230,961.61,0.250,-12.483,0.0143,3.4750,47.0598,0.7094,3.0366,2.7261,0.0000,22.0558,0.0000,4.9746,0.0000,0.0000,19.1146,0.3230,0.0000,0.0000,0.0000,0.0000,0.0000,0.0000,0.0000,-0.196,-0.159,0.030,0.004,0.015,-0.039956,0.157365,0.736399,0.039289,0.003310,0.078589,0.025004
231,960.61,0.250,-12.499,0.0142,3.4768,47.0290,0.7099,3.0285,2.7411,0.0000,22.1625,0.0000,4.8944,0.0000,0.0000,19.1107,0.3241,0.0000,0.0000,0.0000,0.0000,0.0000,0.0000,0.0000,-0.195,-0.158,0.030,0.004,0.015,-0.043717,0.156934,0.740412,0.038868,0.003782,0.078617,0.025102
232,959.61,0.250,-12.515,0.0142,3.4785,46.9982,0.7103,3.0203,2.7560,0.0000,22.2691,0.0000,4.8143,0.0000,0.0000,19.1066,0.3252,0.0000,0.0000,0.0000,0.0000,0.0000,0.0000,0.0000,-0.193,-0.157,0.029,0.004,0.015,-0.047490,0.156512,0.744431,0.038446,0.004257,0.078644,0.025201
233,958.61,0.250,-12.531,0.0141,3.4803,46.9675,0.7107,3.0121,2.7710,0.0000,22.3758,0.0000,4.7344,0.0000,0.0000,19.1022,0.3262,0.0000,0.0000,0.0000,0.0000,0.0000,0.0000,0.0000,-0.192,-0.156,0.029,0.004,0.015,-0.051273,0.156097,0.748455,0.038021,0.004733,0.078668,0.025299
234,957.61,0.250,-12.547,0.0140,3.4820,46.9370,0.7111,3.0038,2.7859,0.0000,22.4824,0.0000,4.6548,0.0000,0.0000,19.0977,0.3273,0.0000,0.0000,0.0000,0.0000,0.0000,0.0000,0.0000,-0.191,-0.155,0.029,0.004,0.015,-0.055068,0.155691,0.752482,0.037595,0.005211,0.078691,0.025398
235,956.61,0.250,-12.563,0.0139,3.4838,46.9065,0.7116,2.9954,2.8008,0.0000,22.5890,0.0000,4.5753,0.0000,0.0000,19.0931,0.3284,0.0000,0.0000,0.0000,0.0000,0.0000,0.0000,0.0000,-0.190,-0.154,0.029,0.004,0.015,-0.058871,0.155293,0.756513,0.037167,0.005690,0.078712,0.025497
236,955.61,0.250,-12.579,0.0139,3.4855,46.8761,0.7120,2.9870,2.8157,0.0000,22.6956,0.0000,4.4960,0.0000,0.0000,19.0882,0.3295,0.0000,0.0000,0.0000,0.0000,0.0000,0.0000,0.0000,-0.188,-0.153,0.029,0.004,0.015,-0.062682,0.154902,0.760545,0.036737,0.006171,0.078731,0.025596
237,954.61,0.250,-12.595,0.0138,3.4873,46.8458,0.7124,2.9785,2.8305,0.0000,22.8021,0.0000,4.4170,0.0000,0.0000,19.0832,0.3305,0.0000,0.0000,0.0000,0.0000,0.0000,0.0000,0.0000,-0.187,-0.152,0.028,0.004,0.015,-0.066501,0.154519,0.764580,0.036306,0.006654,0.078749,0.025695
238,953.61,0.250,-12.612,0.0137,3.4890,46.8156,0.7128,2.9700,2.8454,0.0000,22.9084,0.0000,4.3382,0.0000,0.0000,19.0780,0.3316,0.0000,0.0000,0.0000,0.0000,0.0000,0.0000,0.0000,-0.186,-0.151,0.028,0.004,0.015,-0.070326,0.154143,0.768614,0.035874,0.007137,0.078764,0.025794
239,952.61,0.250,-12.628,0.0136,3.4908,46.7858,0.7132,2.9615,2.8600,0.0000,23.0137,0.0000,4.2604,0.0000,0.0000,19.0728,0.3327,0.0000,0.0000,0.0000,0.0000,0.0000,0.0000,0.0000,-0.184,-0.150,0.028,0.004,0.015,-0.074120,0.153776,0.772611,0.035445,0.007617,0.078779,0.025892
240,951.61,0.250,-12.644,0.0136,3.4925,46.7556,0.7136,2.9527,2.8749,0.0000,23.1208,0.0000,4.1814,0.0000,0.0000,19.0672,0.3337,0.0000,0.0000,0.0000,0.0000,0.0000,0.0000,0.0000,-0.184,-0.150,0.028,0.004,0.015,-0.077991,0.153412,0.776683,0.035005,0.008108,0.078789,0.025992
241,950.61,0.250,-12.660,0.0135,3.4943,46.7257,0.7141,2.9441,2.8896,0.0000,23.2268,0.0000,4.1034,0.0000,0.0000,19.0616,0.3348,0.0000,0.0000,0.0000,0.0000,0.0000,0.0000,0.0000,-0.183,-0.149,0.028,0.004,0.014,-0.081828,0.153057,0.780715,0.034569,0.008596,0.078799,0.026092
242,949.61,0.250,-12.677,0.0134,3.4960,46.6963,0.7145,2.9354,2.9041,0.0000,23.3316,0.0000,4.0264,0.0000,0.0000,19.0559,0.3359,0.0000,0.0000,0.0000,0.0000,0.0000,0.0000,0.0000,-0.181,-0.147,0.028,0.004,0.014,-0.085632,0.152711,0.784707,0.034137,0.009078,0.078809,0.026190
243,948.61,0.250,-12.693,0.0134,3.4977,46.6665,0.7149,2.9265,2.9188,0.0000,23.4381,0.0000,3.9483,0.0000,0.0000,19.0500,0.3370,0.0000,0.0000,0.0000,0.0000,0.0000,0.0000,0.0000,-0.181,-0.147,0.028,0.004,0.014,-0.089509,0.152368,0.788771,0.033694,0.009572,0.078813,0.026291
244,947.61,0.250,-12.709,0.0133,3.4995,46.6370,0.7153,2.9177,2.9333,0.0000,23.5435,0.0000,3.8712,0.0000,0.0000,19.0440,0.3380,0.0000,0.0000,0.0000,0.0000,0.0000,0.0000,0.0000,-0.180,-0.146,0.027,0.004,0.014,-0.093351,0.152032,0.792794,0.033255,0.010062,0.078817,0.026390
245,946.61,0.250,-12.726,0.0133,3.5012,46.6077,0.7157,2.9088,2.9478,0.0000,23.6486,0.0000,3.7944,0.0000,0.0000,19.0378,0.3391,0.0000,0.0000,0.0000,0.0000,0.0000,0.0000,0.0000,-0.178,-0.145,0.027,0.004,0.014,-0.097192,0.151703,0.796812,0.032815,0.010552,0.078819,0.026490
246,945.61,0.250,-12.742,0.0132,3.5029,46.5786,0.7161,2.8999,2.9622,0.0000,23.7535,0.0000,3.7179,0.0000,0.0000,19.0316,0.3402,0.0000,0.0000,0.0000,0.0000,0.0000,0.0000,0.0000,-0.177,-0.144,0.027,0.004,0.014,-0.101031,0.151380,0.800824,0.032375,0.011043,0.078819,0.026590
247,944.61,0.250,-12.759,0.0132,3.5047,46.5496,0.7165,2.8910,2.9766,0.0000,23.8580,0.0000,3.6417,0.0000,0.0000,19.0253,0.3413,0.0000,0.0000,0.0000,0.0000,0.0000,0.0000,0.0000,-0.177,-0.144,0.027,0.004,0.014,-0.104868,0.151063,0.804830,0.031934,0.011535,0.078817,0.026689
248,943.61,0.250,-12.775,0.0238,3.5068,46.5016,0.7206,2.8878,3.0076,0.0000,23.9663,0.0000,3.5378,0.0000,0.0000,19.0346,0.3437,0.0000,0.0000,0.0000,0.0000,0.0000,0.0000,0.0000,-0.318,-0.259,0.049,0.007,0.025,-0.108624,0.149826,0.809094,0.031440,0.012310,0.079052,0.026902
249,942.61,0.250,-12.792,0.0244,3.5089,46.4522,0.7249,2.8848,3.0400,0.0000,24.0759,0.0000,3.4318,0.0000,0.0000,19.0442,0.3463,0.0000,0.0000,0.0000,0.0000,0.0000,0.0000,0.0000,-0.326,-0.265,0.050,0.007,0.026,-0.112446,0.148553,0.813422,0.030930,0.013115,0.079303,0.027124
250,941.61,0.250,-12.808,0.0243,3.5111,46.4025,0.7292,2.8816,3.0728,0.0000,24.1865,0.0000,3.3253,0.0000,0.0000,19.0532,0.3489,0.0000,0.0000,0.0000,0.0000,0.0000,0.0000,0.0000,-0.325,-0.264,0.050,0.007,0.026,-0.116337,0.147297,0.817795,0.030407,0.013934,0.079554,0.027349
251,940.61,0.250,-12.825,0.0243,3.5133,46.3526,0.7335,2.8782,3.1060,0.0000,24.2980,0.0000,3.2186,0.0000,0.0000,19.0616,0.3515,0.0000,0.0000,0.0000,0.0000,0.0000,0.0000,0.0000,-0.323,-0.263,0.050,0.007,0.026,-0.120289,0.146057,0.822209,0.029872,0.014766,0.079808,0.027577
252,939.61,0.250,-12.841,0.0242,3.5155,46.3025,0.7378,2.8746,3.1396,0.0000,24.4102,0.0000,3.1116,0.0000,0.0000,19.0694,0.3542,0.0000,0.0000,0.0000,0.0000,0.0000,0.0000,0.0000,-0.322,-0.262,0.049,0.007,0.026,-0.124297,0.144835,0.826658,0.029324,0.015610,0.080062,0.027808
253,938.61,0.250,-12.858,0.0240,3.5177,46.2523,0.7421,2.8709,3.1736,0.0000,24.5230,0.0000,3.0046,0.0000,0.0000,19.0767,0.3569,0.0000,0.0000,0.0000,0.0000,0.0000,0.0000,0.0000,-0.319,-0.260,0.049,0.007,0.025,-0.128355,0.143631,0.831134,0.028766,0.016465,0.080318,0.028041
254,937.61,0.250,-12.875,0.0239,3.5199,46.2020,0.7463,2.8670,3.2078,0.0000,24.6362,0.0000,2.8976,0.0000,0.0000,19.0835,0.3596,0.0000,0.0000,0.0000,0.0000,0.0000,0.0000,0.0000,-0.317,-0.258,0.049,0.007,0.025,-0.132457,0.142445,0.835633,0.028196,0.017331,0.080574,0.028277
255,936.61,0.250,-12.891,0.0237,3.5221,46.1517,0.7506,2.8630,3.2423,0.0000,24.7497,0.0000,2.7907,0.0000,0.0000,19.0897,0.3623,0.0000,0.0000,0.0000,0.0000,0.0000,0.0000,0.0000,-0.315,-0.256,0.048,0.007,0.025,-0.136595,0.141277,0.840149,0.027617,0.018206,0.080831,0.028515
256,935.61,0.250,-12.908,0.0236,3.5244,46.1014,0.7548,2.8588,3.2771,0.0000,24.8633,0.0000,2.6841,0.0000,0.0000,19.0954,0.3651,0.0000,0.0000,0.0000,0.0000,0.0000,0.0000,0.0000,-0.312,-0.254,0.048,0.007,0.025,-0.140765,0.140128,0.844676,0.027029,0.019089,0.081088,0.028755
257,934.61,0.250,-12.925,0.0234,3.5266,46.0512,0.7591,2.8545,3.3120,0.0000,24.9769,0.0000,2.5779,0.0000,0.0000,19.1006,0.3679,0.0000,0.0000,0.0000,0.0000,0.0000,0.0000,0.0000,-0.309,-0.251,0.047,0.007,0.025,-0.144961,0.138998,0.849209,0.026433,0.019981,0.081344,0.028996
258,933.61,0.250,-12.941,0.0232,3.5288,46.0012,0.7633,2.8500,3.3471,0.0000,25.0903,0.0000,2.4721,0.0000,0.0000,19.1054,0.3706,0.0000,0.0000,0.0000,0.0000,0.0000,0.0000,0.0000,-0.306,-0.249,0.047,0.007,0.024,-0.149176,0.137885,0.853743,0.025829,0.020879,0.081600,0.029240
259,932.61,0.250,-12.958,0.0230,3.5311,45.9513,0.7675,2.8454,3.3823,0.0000,25.2035,0.0000,2.3668,0.0000,0.0000,19.1098,0.3734,0.0000,0.0000,0.0000,0.0000,0.0000,0.0000,0.0000,-0.302,-0.246,0.047,0.007,0.024,-0.153407,0.136792,0.858274,0.025218,0.021784,0.081856,0.029484
260,931.61,0.250,-12.975,0.0227,3.5333,45.9016,0.7716,2.8408,3.4176,0.0000,25.3163,0.0000,2.2622,0.0000,0.0000,19.1137,0.3763,0.0000,0.0000,0.0000,0.0000,0.0000,0.0000,0.0000,-0.299,-0.244,0.046,0.006,0.024,-0.157647,0.135716,0.862797,0.024600,0.022694,0.082110,0.029730
261,930.61,0.250,-12.992,0.0225,3.5355,45.8522,0.7758,2.8360,3.4530,0.0000,25.4287,0.0000,2.1582,0.0000,0.0000,19.1172,0.3791,0.0000,0.0000,0.0000,0.0000,0.0000,0.0000,0.0000,-0.296,-0.241,0.046,0.006,0.024,-0.161893,0.134658,0.867309,0.023976,0.023609,0.082363,0.029977
262,929.61,0.250,-13.009,0.0223,3.5378,45.8030,0.7799,2.8311,3.4884,0.0000,25.5405,0.0000,2.0549,0.0000,0.0000,19.1204,0.3819,0.0000,0.0000,0.0000,0.0000,0.0000,0.0000,0.0000,-0.292,-0.238,0.045,0.006,0.023,-0.166141,0.133618,0.871806,0.023347,0.024528,0.082615,0.030225
263,928.61,0.250,-13.026,0.0220,3.5400,45.7541,0.7840,2.8261,3.5238,0.0000,25.6517,0.0000,1.9524,0.0000,0.0000,19.1231,0.3848,0.0000,0.0000,0.0000,0.0000,0.0000,0.0000,0.0000,-0.289,-0.235,0.044,0.006,0.023,-0.170385,0.132596,0.876284,0.022714,0.025451,0.082866,0.030475
264,927.61,0.250,-13.043,0.0218,3.5422,45.7055,0.7881,2.8210,3.5593,0.0000,25.7622,0.0000,1.8507,0.0000,0.0000,19.1256,0.3876,0.0000,0.0000,0.0000,0.0000,0.0000,0.0000,0.0000,-0.285,-0.232,0.044,0.006,0.023,-0.174622,0.131590,0.880741,0.022076,0.026377,0.083114,0.030725
265,926.61,0.250,-13.060,0.0216,3.5444,45.6573,0.7921,2.8158,3.5947,0.0000,25.8719,0.0000,1.7499,0.0000,0.0000,19.1277,0.3905,0.0000,0.0000,0.0000,0.0000,0.0000,0.0000,0.0000,-0.281,-0.229,0.043,0.006,0.023,-0.178849,0.130601,0.885173,0.021434,0.027306,0.083360,0.030975
266,925.61,0.250,-13.076,0.0213,3.5466,45.6095,0.7962,2.8106,3.6301,0.0000,25.9808,0.0000,1.6499,0.0000,0.0000,19.1295,0.3934,0.0000,0.0000,0.0000,0.0000,0.0000,0.0000,0.0000,-0.278,-0.227,0.043,0.006,0.022,-0.183062,0.129627,0.889578,0.020789,0.028237,0.083604,0.031227
267,924.61,0.250,-13.093,0.0227,3.5493,45.5330,0.8165,2.8095,3.6825,0.0000,26.0858,0.0000,1.5106,0.0000,0.0000,19.1628,0.3993,0.0000,0.0000,0.0000,0.0000,0.0000,0.0000,0.0000,-0.296,-0.241,0.046,0.006,0.024,-0.186550,0.126838,0.894050,0.020365,0.029961,0.083605,0.031732
