Index,T (C),P (kbars),log(10) f O2,mass (gm),rho (gm/cc),wt% SiO2,wt% TiO2,wt% Al2O3,wt% Fe2O3,wt% Cr2O3,wt% FeO,wt% MnO,wt% MgO,wt% NiO,wt% CoO,wt% CaO,wt% Na2O,wt% K2O,wt% P2O5,wt% H2O,wt% CO2,wt% SO3,wt% Cl2O-1,wt% F2O-1,G (kJ),H (kJ),S (J/K),V (cc),Cp (J/K),h2oduan,co2duan
95,1096.61,0.250,-10.534,0.0001,0.0775,0.0000,0.0000,0.0000,0.0000,0.0000,0.0000,0.0000,0.0000,0.0000,0.0000,0.0000,0.0000,0.0000,0.0000,14.1600,85.8400,0.0000,0.0000,0.0000,-0.001,-0.001,0.001,0.001,0.000,0.287232,0.712768
96,1095.61,0.250,-10.547,0.0001,0.0773,0.0000,0.0000,0.0000,0.0000,0.0000,0.0000,0.0000,0.0000,0.0000,0.0000,0.0000,0.0000,0.0000,0.0000,14.3874,85.6126,0.0000,0.0000,0.0000,-0.002,-0.001,0.001,0.002,0.000,0.291052,0.708948
97,1094.61,0.250,-10.560,0.0002,0.0772,0.0000,0.0000,0.0000,0.0000,0.0000,0.0000,0.0000,0.0000,0.0000,0.0000,0.0000,0.0000,0.0000,0.0000,14.6177,85.3823,0.0000,0.0000,0.0000,-0.004,-0.002,0.001,0.003,0.000,0.294898,0.705102
98,1093.61,0.250,-10.573,0.0003,0.0771,0.0000,0.0000,0.0000,0.0000,0.0000,0.0000,0.0000,0.0000,0.0000,0.0000,0.0000,0.0000,0.0000,0.0000,14.8509,85.1491,0.0000,0.0000,0.0000,-0.005,-0.002,0.002,0.004,0.000,0.298772,0.701228
99,1092.61,0.250,-10.586,0.0003,0.0769,0.0000,0.0000,0.0000,0.0000,0.0000,0.0000,0.0000,0.0000,0.0000,0.0000,0.0000,0.0000,0.0000,0.0000,15.0870,84.9130,0.0000,0.0000,0.0000,-0.006,-0.003,0.002,0.004,0.001,0.302675,0.697325
100,1091.61,0.250,-10.599,0.0004,0.0768,0.0000,0.0000,0.0000,0.0000,0.0000,0.0000,0.0000,0.0000,0.0000,0.0000,0.0000,0.0000,0.0000,0.0000,15.3263,84.6737,0.0000,0.0000,0.0000,-0.007,-0.003,0.003,0.005,0.001,0.306605,0.693395
101,1090.61,0.250,-10.612,0.0005,0.0767,0.0000,0.0000,0.0000,0.0000,0.0000,0.0000,0.0000,0.0000,0.0000,0.0000,0.0000,0.0000,0.0000,0.0000,15.5687,84.4313,0.0000,0.0000,0.0000,-0.008,-0.004,0.003,0.006,0.001,0.310564,0.689436
102,1089.61,0.250,-10.625,0.0005,0.0765,0.0000,0.0000,0.0000,0.0000,0.0000,0.0000,0.0000,0.0000,0.0000,0.0000,0.0000,0.0000,0.0000,0.0000,15.8142,84.1858,0.0000,0.0000,0.0000,-0.009,-0.004,0.003,0.007,0.001,0.314552,0.685448
103,1088.61,0.250,-10.639,0.0006,0.0764,0.0000,0.0000,0.0000,0.0000,0.0000,0.0000,0.0000,0.0000,0.0000,0.0000,0.0000,0.0000,0.0000,0.0000,16.0630,83.9370,0.0000,0.0000,0.0000,-0.010,-0.005,0.004,0.008,0.001,0.318570,0.681430
104,1087.61,0.250,-10.652,0.0007,0.0762,0.0000,0.0000,0.0000,0.0000,0.0000,0.0000,0.0000,0.0000,0.0000,0.0000,0.0000,0.0000,0.0000,0.0000,16.3150,83.6850,0.0000,0.0000,0.0000,-0.011,-0.005,0.004,0.009,0.001,0.322616,0.677384
105,1086.61,0.250,-10.665,0.0007,0.0761,0.0000,0.0000,0.0000,0.0000,0.0000,0.0000,0.0000,0.0000,0.0000,0.0000,0.0000,0.0000,0.0000,0.0000,16.5704,83.4296,0.0000,0.0000,0.0000,-0.012,-0.006,0.005,0.010,0.001,0.326692,0.673308
106,1085.61,0.250,-10.678,0.0008,0.0759,0.0000,0.0000,0.0000,0.0000,0.0000,0.0000,0.0000,0.0000,0.0000,0.0000,0.0000,0.0000,0.0000,0.0000,16.8292,83.1708,0.0000,0.0000,0.0000,-0.014,-0.007,0.005,0.010,0.001,0.330797,0.669203
107,1084.61,0.250,-10.691,0.0009,0.0758,0.0000,0.0000,0.0000,0.0000,0.0000,0.0000,0.0000,0.0000,0.0000,0.0000,0.0000,0.0000,0.0000,0.0000,17.0915,82.9085,0.0000,0.0000,0.0000,-0.015,-0.007,0.006,0.011,0.001,0.334932,0.665068
108,1083.61,0.250,-10.705,0.0009,0.0756,0.0000,0.0000,0.0000,0.0000,0.0000,0.0000,0.0000,0.0000,0.0000,0.0000,0.0000,0.0000,0.0000,0.0000,17.3572,82.6428,0.0000,0.0000,0.0000,-0.016,-0.008,0.006,0.012,0.001,0.339097,0.660903
109,1082.61,0.250,-10.718,0.0010,0.0755,0.0000,0.0000,0.0000,0.0000,0.0000,0.0000,0.0000,0.0000,0.0000,0.0000,0.0000,0.0000,0.0000,0.0000,17.6266,82.3734,0.0000,0.0000,0.0000,-0.017,-0.008,0.007,0.013,0.002,0.343292,0.656708
110,1081.61,0.250,-10.731,0.0011,0.0753,0.0000,0.0000,0.0000,0.0000,0.0000,0.0000,0.0000,0.0000,0.0000,0.0000,0.0000,0.0000,0.0000,0.0000,17.8995,82.1005,0.0000,0.0000,0.0000,-0.018,-0.009,0.007,0.014,0.002,0.347516,0.652484
111,1080.61,0.250,-10.745,0.0011,0.0752,0.0000,0.0000,0.0000,0.0000,0.0000,0.0000,0.0000,0.0000,0.0000,0.0000,0.0000,0.0000,0.0000,0.0000,18.1762,81.8238,0.0000,0.0000,0.0000,-0.020,-0.009,0.007,0.015,0.002,0.351772,0.648228
112,1079.61,0.250,-10.758,0.0012,0.0750,0.0000,0.0000,0.0000,0.0000,0.0000,0.0000,0.0000,0.0000,0.0000,0.0000,0.0000,0.0000,0.0000,0.0000,18.4567,81.5433,0.0000,0.0000,0.0000,-0.021,-0.010,0.008,0.016,0.002,0.356060,0.643940
113,1078.61,0.250,-10.771,0.0013,0.0748,0.0000,0.0000,0.0000,0.0000,0.0000,0.0000,0.0000,0.0000,0.0000,0.0000,0.0000,0.0000,0.0000,0.0000,18.7413,81.2587,0.0000,0.0000,0.0000,-0.022,-0.011,0.008,0.017,0.002,0.360381,0.639619
114,1077.61,0.250,-10.785,0.0013,0.0747,0.0000,0.0000,0.0000,0.0000,0.0000,0.0000,0.0000,0.0000,0.0000,0.0000,0.0000,0.0000,0.0000,0.0000,19.0303,80.9697,0.0000,0.0000,0.0000,-0.023,-0.011,0.009,0.018,0.002,0.364741,0.635259
115,1076.61,0.250,-10.798,0.0014,0.0745,0.0000,0.0000,0.0000,0.0000,0.0000,0.0000,0.0000,0.0000,0.0000,0.0000,0.0000,0.0000,0.0000,0.0000,19.3244,80.6756,0.0000,0.0000,0.0000,-0.025,-0.012,0.009,0.019,0.002,0.369149,0.630851
116,1075.61,0.250,-10.811,0.0015,0.0743,0.0000,0.0000,0.0000,0.0000,0.0000,0.0000,0.0000,0.0000,0.0000,0.0000,0.0000,0.0000,0.0000,0.0000,19.6261,80.3739,0.0000,0.0000,0.0000,-0.026,-0.012,0.010,0.020,0.002,0.373640,0.626360
117,1074.61,0.250,-10.825,0.0016,0.0742,0.0000,0.0000,0.0000,0.0000,0.0000,0.0000,0.0000,0.0000,0.0000,0.0000,0.0000,0.0000,0.0000,0.0000,19.9465,80.0535,0.0000,0.0000,0.0000,-0.027,-0.013,0.011,0.021,0.002,0.378376,0.621624
118,1073.61,0.250,-10.838,0.0017,0.0739,0.0000,0.0000,0.0000,0.0000,0.0000,0.0000,0.0000,0.0000,0.0000,0.0000,0.0000,0.0000,0.0000,0.0000,20.3109,79.6891,0.0000,0.0000,0.0000,-0.029,-0.014,0.011,0.023,0.003,0.383722,0.616278
119,1072.61,0.250,-10.852,0.0018,0.0737,0.0000,0.0000,0.0000,0.0000,0.0000,0.0000,0.0000,0.0000,0.0000,0.0000,0.0000,0.0000,0.0000,0.0000,20.6995,79.3005,0.0000,0.0000,0.0000,-0.031,-0.015,0.012,0.024,0.003,0.389376,0.610624
120,1071.61,0.250,-10.865,0.0019,0.0735,0.0000,0.0000,0.0000,0.0000,0.0000,0.0000,0.0000,0.0000,0.0000,0.0000,0.0000,0.0000,0.0000,0.0000,21.0899,78.9101,0.0000,0.0000,0.0000,-0.033,-0.016,0.013,0.026,0.003,0.395006,0.604994
121,1070.61,0.250,-10.879,0.0020,0.0732,0.0000,0.0000,0.0000,0.0000,0.0000,0.0000,0.0000,0.0000,0.0000,0.0000,0.0000,0.0000,0.0000,0.0000,21.4821,78.5179,0.0000,0.0000,0.0000,-0.036,-0.017,0.014,0.028,0.003,0.400613,0.599387
122,1069.61,0.250,-10.892,0.0021,0.0730,0.0000,0.0000,0.0000,0.0000,0.0000,0.0000,0.0000,0.0000,0.0000,0.0000,0.0000,0.0000,0.0000,0.0000,21.8760,78.1240,0.0000,0.0000,0.0000,-0.038,-0.018,0.015,0.029,0.003,0.406196,0.593804
123,1068.61,0.250,-10.906,0.0022,0.0728,0.0000,0.0000,0.0000,0.0000,0.0000,0.0000,0.0000,0.0000,0.0000,0.0000,0.0000,0.0000,0.0000,0.0000,22.2716,77.7284,0.0000,0.0000,0.0000,-0.040,-0.019,0.015,0.031,0.004,0.411756,0.588244
124,1067.61,0.250,-10.919,0.0023,0.0726,0.0000,0.0000,0.0000,0.0000,0.0000,0.0000,0.0000,0.0000,0.0000,0.0000,0.0000,0.0000,0.0000,0.0000,22.6691,77.3309,0.0000,0.0000,0.0000,-0.042,-0.020,0.016,0.032,0.004,0.417294,0.582706
125,1066.61,0.250,-10.933,0.0024,0.0723,0.0000,0.0000,0.0000,0.0000,0.0000,0.0000,0.0000,0.0000,0.0000,0.0000,0.0000,0.0000,0.0000,0.0000,23.0684,76.9316,0.0000,0.0000,0.0000,-0.043,-0.021,0.017,0.034,0.004,0.422808,0.577192
126,1065.61,0.250,-10.947,0.0025,0.0721,0.0000,0.0000,0.0000,0.0000,0.0000,0.0000,0.0000,0.0000,0.0000,0.0000,0.0000,0.0000,0.0000,0.0000,23.4695,76.5305,0.0000,0.0000,0.0000,-0.045,-0.022,0.018,0.035,0.004,0.428300,0.571700
127,1064.61,0.250,-10.960,0.0026,0.0719,0.0000,0.0000,0.0000,0.0000,0.0000,0.0000,0.0000,0.0000,0.0000,0.0000,0.0000,0.0000,0.0000,0.0000,23.8724,76.1276,0.0000,0.0000,0.0000,-0.047,-0.023,0.018,0.037,0.004,0.433769,0.566231
128,1063.61,0.250,-10.974,0.0027,0.0716,0.0000,0.0000,0.0000,0.0000,0.0000,0.0000,0.0000,0.0000,0.0000,0.0000,0.0000,0.0000,0.0000,0.0000,24.2772,75.7228,0.0000,0.0000,0.0000,-0.049,-0.024,0.019,0.038,0.004,0.439216,0.560784
129,1062.61,0.250,-10.988,0.0028,0.0714,0.0000,0.0000,0.0000,0.0000,0.0000,0.0000,0.0000,0.0000,0.0000,0.0000,0.0000,0.0000,0.0000,0.0000,24.6839,75.3161,0.0000,0.0000,0.0000,-0.051,-0.024,0.020,0.040,0.005,0.444642,0.555358
130,1061.61,0.250,-11.001,0.0029,0.0712,0.0000,0.0000,0.0000,0.0000,0.0000,0.0000,0.0000,0.0000,0.0000,0.0000,0.0000,0.0000,0.0000,0.0000,25.0925,74.9075,0.0000,0.0000,0.0000,-0.053,-0.025,0.021,0.041,0.005,0.450046,0.549954
131,1060.61,0.250,-11.015,0.0030,0.0710,0.0000,0.0000,0.0000,0.0000,0.0000,0.0000,0.0000,0.0000,0.0000,0.0000,0.0000,0.0000,0.0000,0.0000,25.5031,74.4969,0.0000,0.0000,0.0000,-0.055,-0.026,0.021,0.043,0.005,0.455428,0.544572
132,1059.61,0.250,-11.029,0.0031,0.0707,0.0000,0.0000,0.0000,0.0000,0.0000,0.0000,0.0000,0.0000,0.0000,0.0000,0.0000,0.0000,0.0000,0.0000,25.9155,74.0845,0.0000,0.0000,0.0000,-0.057,-0.027,0.022,0.044,0.005,0.460789,0.539211
133,1058.61,0.250,-11.043,0.0032,0.0705,0.0000,0.0000,0.0000,0.0000,0.0000,0.0000,0.0000,0.0000,0.0000,0.0000,0.0000,0.0000,0.0000,0.0000,26.3300,73.6700,0.0000,0.0000,0.0000,-0.058,-0.028,0.023,0.046,0.005,0.466129,0.533871
134,1057.61,0.250,-11.056,0.0033,0.0703,0.0000,0.0000,0.0000,0.0000,0.0000,0.0000,0.0000,0.0000,0.0000,0.0000,0.0000,0.0000,0.0000,0.0000,26.7464,73.2536,0.0000,0.0000,0.0000,-0.060,-0.029,0.024,0.047,0.006,0.471448,0.528552
135,1056.61,0.250,-11.070,0.0034,0.0701,0.0000,0.0000,0.0000,0.0000,0.0000,0.0000,0.0000,0.0000,0.0000,0.0000,0.0000,0.0000,0.0000,0.0000,27.1648,72.8352,0.0000,0.0000,0.0000,-0.062,-0.030,0.024,0.049,0.006,0.476747,0.523253
136,1055.61,0.250,-11.084,0.0035,0.0698,0.0000,0.0000,0.0000,0.0000,0.0000,0.0000,0.0000,0.0000,0.0000,0.0000,0.0000,0.0000,0.0000,0.0000,27.5853,72.4147,0.0000,0.0000,0.0000,-0.064,-0.031,0.025,0.050,0.006,0.482025,0.517975
137,1054.61,0.250,-11.098,0.0036,0.0696,0.0000,0.0000,0.0000,0.0000,0.0000,0.0000,0.0000,0.0000,0.0000,0.0000,0.0000,0.0000,0.0000,0.0000,28.0078,71.9922,0.0000,0.0000,0.0000,-0.066,-0.031,0.026,0.052,0.006,0.487283,0.512717
138,1053.61,0.250,-11.112,0.0037,0.0694,0.0000,0.0000,0.0000,0.0000,0.0000,0.0000,0.0000,0.0000,0.0000,0.0000,0.0000,0.0000,0.0000,0.0000,28.4324,71.5676,0.0000,0.0000,0.0000,-0.067,-0.032,0.027,0.053,0.006,0.492521,0.507479
139,1052.61,0.250,-11.125,0.0038,0.0692,0.0000,0.0000,0.0000,0.0000,0.0000,0.0000,0.0000,0.0000,0.0000,0.0000,0.0000,0.0000,0.0000,0.0000,28.8590,71.1410,0.0000,0.0000,0.0000,-0.069,-0.033,0.027,0.055,0.006,0.497739,0.502261
140,1051.61,0.250,-11.139,0.0039,0.0689,0.0000,0.0000,0.0000,0.0000,0.0000,0.0000,0.0000,0.0000,0.0000,0.0000,0.0000,0.0000,0.0000,0.0000,29.2878,70.7122,0.0000,0.0000,0.0000,-0.071,-0.034,0.028,0.056,0.007,0.502937,0.497063
141,1050.61,0.250,-11.153,0.0040,0.0687,0.0000,0.0000,0.0000,0.0000,0.0000,0.0000,0.0000,0.0000,0.0000,0.0000,0.0000,0.0000,0.0000,0.0000,29.7187,70.2813,0.0000,0.0000,0.0000,-0.073,-0.035,0.029,0.058,0.007,0.508116,0.491884
142,1049.61,0.250,-11.167,0.0040,0.0685,0.0000,0.0000,0.0000,0.0000,0.0000,0.0000,0.0000,0.0000,0.0000,0.0000,0.0000,0.0000,0.0000,0.0000,30.1517,69.8483,0.0000,0.0000,0.0000,-0.075,-0.036,0.029,0.059,0.007,0.513275,0.486725
143,1048.61,0.250,-11.181,0.0041,0.0683,0.0000,0.0000,0.0000,0.0000,0.0000,0.0000,0.0000,0.0000,0.0000,0.0000,0.0000,0.0000,0.0000,0.0000,30.5869,69.4131,0.0000,0.0000,0.0000,-0.076,-0.036,0.030,0.060,0.007,0.518415,0.481585
144,1047.61,0.250,-11.195,0.0042,0.0681,0.0000,0.0000,0.0000,0.0000,0.0000,0.0000,0.0000,0.0000,0.0000,0.0000,0.0000,0.0000,0.0000,0.0000,31.0243,68.9757,0.0000,0.0000,0.0000,-0.078,-0.037,0.031,0.062,0.007,0.523535,0.476465
145,1046.61,0.250,-11.209,0.0043,0.0678,0.0000,0.0000,0.0000,0.0000,0.0000,0.0000,0.0000,0.0000,0.0000,0.0000,0.0000,0.0000,0.0000,0.0000,31.4638,68.5362,0.0000,0.0000,0.0000,-0.080,-0.038,0.032,0.063,0.007,0.528637,0.471363
146,1045.61,0.250,-11.223,0.0044,0.0676,0.0000,0.0000,0.0000,0.0000,0.0000,0.0000,0.0000,0.0000,0.0000,0.0000,0.0000,0.0000,0.0000,0.0000,31.9056,68.0944,0.0000,0.0000,0.0000,-0.082,-0.039,0.032,0.065,0.008,0.533720,0.466280
147,1044.61,0.250,-11.237,0.0045,0.0674,0.0000,0.0000,0.0000,0.0000,0.0000,0.0000,0.0000,0.0000,0.0000,0.0000,0.0000,0.0000,0.0000,0.0000,32.3497,67.6503,0.0000,0.0000,0.0000,-0.084,-0.040,0.033,0.066,0.008,0.538784,0.461216
148,1043.61,0.250,-11.251,0.0046,0.0672,0.0000,0.0000,0.0000,0.0000,0.0000,0.0000,0.0000,0.0000,0.0000,0.0000,0.0000,0.0000,0.0000,0.0000,32.7959,67.2041,0.0000,0.0000,0.0000,-0.086,-0.041,0.034,0.068,0.008,0.543829,0.456171
149,1042.61,0.250,-11.265,0.0047,0.0670,0.0000,0.0000,0.0000,0.0000,0.0000,0.0000,0.0000,0.0000,0.0000,0.0000,0.0000,0.0000,0.0000,0.0000,33.2445,66.7555,0.0000,0.0000,0.0000,-0.087,-0.042,0.035,0.070,0.008,0.548856,0.451144
150,1041.61,0.250,-11.280,0.0047,0.0668,0.0000,0.0000,0.0000,0.0000,0.0000,0.0000,0.0000,0.0000,0.0000,0.0000,0.0000,0.0000,0.0000,0.0000,33.6953,66.3047,0.0000,0.0000,0.0000,-0.089,-0.042,0.036,0.071,0.008,0.553864,0.446136
151,1040.61,0.250,-11.294,0.0048,0.0668,0.0000,0.0000,0.0000,0.0000,0.0000,0.0000,0.0000,0.0000,0.0000,0.0000,0.0000,0.0000,0.0000,0.0000,33.7422,66.2578,0.0000,0.0000,0.0000,-0.089,-0.043,0.036,0.071,0.008,0.554382,0.445618
152,1039.61,0.250,-11.308,0.0050,0.0662,0.0000,0.0000,0.0000,0.0000,0.0000,0.0000,0.0000,0.0000,0.0000,0.0000,0.0000,0.0000,0.0000,0.0000,34.8961,65.1039,0.0000,0.0000,0.0000,-0.094,-0.045,0.038,0.075,0.009,0.566991,0.433009
153,1038.61,0.250,-11.322,0.0051,0.0660,0.0000,0.0000,0.0000,0.0000,0.0000,0.0000,0.0000,0.0000,0.0000,0.0000,0.0000,0.0000,0.0000,0.0000,35.3139,64.6861,0.0000,0.0000,0.0000,-0.096,-0.046,0.038,0.077,0.009,0.571489,0.428511
154,1037.61,0.250,-11.336,0.0052,0.0658,0.0000,0.0000,0.0000,0.0000,0.0000,0.0000,0.0000,0.0000,0.0000,0.0000,0.0000,0.0000,0.0000,0.0000,35.7340,64.2660,0.0000,0.0000,0.0000,-0.098,-0.047,0.039,0.078,0.009,0.575974,0.424026
155,1036.61,0.250,-11.350,0.0052,0.0656,0.0000,0.0000,0.0000,0.0000,0.0000,0.0000,0.0000,0.0000,0.0000,0.0000,0.0000,0.0000,0.0000,0.0000,36.1563,63.8437,0.0000,0.0000,0.0000,-0.100,-0.047,0.040,0.080,0.009,0.580447,0.419553
156,1035.61,0.250,-11.365,0.0054,0.0652,0.0000,0.0000,0.0000,0.0000,0.0000,0.0000,0.0000,0.0000,0.0000,0.0000,0.0000,0.0000,0.0000,0.0000,36.9004,63.0996,0.0000,0.0000,0.0000,-0.103,-0.049,0.041,0.083,0.010,0.588242,0.411758
157,1034.61,0.250,-11.379,0.0055,0.0650,0.0000,0.0000,0.0000,0.0000,0.0000,0.0000,0.0000,0.0000,0.0000,0.0000,0.0000,0.0000,0.0000,0.0000,37.3285,62.6715,0.0000,0.0000,0.0000,-0.105,-0.050,0.042,0.084,0.010,0.592678,0.407322
158,1033.61,0.250,-11.393,0.0056,0.0648,0.0000,0.0000,0.0000,0.0000,0.0000,0.0000,0.0000,0.0000,0.0000,0.0000,0.0000,0.0000,0.0000,0.0000,37.7587,62.2413,0.0000,0.0000,0.0000,-0.106,-0.051,0.043,0.086,0.010,0.597099,0.402901
159,1032.61,0.250,-11.408,0.0056,0.0646,0.0000,0.0000,0.0000,0.0000,0.0000,0.0000,0.0000,0.0000,0.0000,0.0000,0.0000,0.0000,0.0000,0.0000,38.1908,61.8092,0.0000,0.0000,0.0000,-0.108,-0.051,0.044,0.087,0.010,0.601505,0.398495
160,1031.61,0.250,-11.422,0.0057,0.0645,0.0000,0.0000,0.0000,0.0000,0.0000,0.0000,0.0000,0.0000,0.0000,0.0000,0.0000,0.0000,0.0000,0.0000,38.6250,61.3750,0.0000,0.0000,0.0000,-0.110,-0.052,0.044,0.089,0.010,0.605897,0.394103
161,1030.61,0.250,-11.436,0.0058,0.0643,0.0000,0.0000,0.0000,0.0000,0.0000,0.0000,0.0000,0.0000,0.0000,0.0000,0.0000,0.0000,0.0000,0.0000,39.0614,60.9386,0.0000,0.0000,0.0000,-0.112,-0.053,0.045,0.090,0.011,0.610274,0.389726
162,1029.61,0.250,-11.451,0.0059,0.0641,0.0000,0.0000,0.0000,0.0000,0.0000,0.0000,0.0000,0.0000,0.0000,0.0000,0.0000,0.0000,0.0000,0.0000,39.4998,60.5002,0.0000,0.0000,0.0000,-0.114,-0.054,0.046,0.092,0.011,0.614637,0.385363
163,1028.61,0.250,-11.465,0.0061,0.0635,0.0000,0.0000,0.0000,0.0000,0.0000,0.0000,0.0000,0.0000,0.0000,0.0000,0.0000,0.0000,0.0000,0.0000,40.5987,59.4013,0.0000,0.0000,0.0000,-0.119,-0.056,0.048,0.096,0.011,0.625420,0.374580
164,1027.61,0.250,-11.479,0.0062,0.0633,0.0000,0.0000,0.0000,0.0000,0.0000,0.0000,0.0000,0.0000,0.0000,0.0000,0.0000,0.0000,0.0000,0.0000,41.0701,58.9299,0.0000,0.0000,0.0000,-0.121,-0.057,0.049,0.098,0.011,0.629979,0.370021
165,1026.61,0.250,-11.494,0.0063,0.0631,0.0000,0.0000,0.0000,0.0000,0.0000,0.0000,0.0000,0.0000,0.0000,0.0000,0.0000,0.0000,0.0000,0.0000,41.5437,58.4563,0.0000,0.0000,0.0000,-0.123,-0.058,0.050,0.100,0.012,0.634521,0.365479
166,1025.61,0.250,-11.508,0.0064,0.0629,0.0000,0.0000,0.0000,0.0000,0.0000,0.0000,0.0000,0.0000,0.0000,0.0000,0.0000,0.0000,0.0000,0.0000,42.0194,57.9806,0.0000,0.0000,0.0000,-0.125,-0.059,0.051,0.102,0.012,0.639045,0.360955
167,1024.61,0.250,-11.523,0.0065,0.0627,0.0000,0.0000,0.0000,0.0000,0.0000,0.0000,0.0000,0.0000,0.0000,0.0000,0.0000,0.0000,0.0000,0.0000,42.4973,57.5027,0.0000,0.0000,0.0000,-0.128,-0.060,0.052,0.104,0.012,0.643550,0.356450
168,1023.61,0.250,-11.537,0.0066,0.0625,0.0000,0.0000,0.0000,0.0000,0.0000,0.0000,0.0000,0.0000,0.0000,0.0000,0.0000,0.0000,0.0000,0.0000,42.9772,57.0228,0.0000,0.0000,0.0000,-0.130,-0.061,0.053,0.106,0.012,0.648035,0.351965
169,1022.61,0.250,-11.552,0.0066,0.0626,0.0000,0.0000,0.0000,0.0000,0.0000,0.0000,0.0000,0.0000,0.0000,0.0000,0.0000,0.0000,0.0000,0.0000,42.9772,57.0228,0.0000,0.0000,0.0000,-0.130,-0.062,0.053,0.106,0.012,0.648035,0.351965
170,1021.61,0.250,-11.566,0.0069,0.0620,0.0000,0.0000,0.0000,0.0000,0.0000,0.0000,0.0000,0.0000,0.0000,0.0000,0.0000,0.0000,0.0000,0.0000,44.2289,55.7711,0.0000,0.0000,0.0000,-0.136,-0.064,0.055,0.111,0.013,0.659557,0.340443
171,1020.61,0.250,-11.581,0.0070,0.0618,0.0000,0.0000,0.0000,0.0000,0.0000,0.0000,0.0000,0.0000,0.0000,0.0000,0.0000,0.0000,0.0000,0.0000,44.7806,55.2194,0.0000,0.0000,0.0000,-0.138,-0.065,0.056,0.113,0.013,0.664554,0.335446
172,1019.61,0.250,-11.596,0.0071,0.0615,0.0000,0.0000,0.0000,0.0000,0.0000,0.0000,0.0000,0.0000,0.0000,0.0000,0.0000,0.0000,0.0000,0.0000,45.3356,54.6644,0.0000,0.0000,0.0000,-0.141,-0.067,0.058,0.115,0.013,0.669534,0.330466
173,1018.61,0.250,-11.610,0.0072,0.0613,0.0000,0.0000,0.0000,0.0000,0.0000,0.0000,0.0000,0.0000,0.0000,0.0000,0.0000,0.0000,0.0000,0.0000,45.8940,54.1060,0.0000,0.0000,0.0000,-0.144,-0.068,0.059,0.118,0.014,0.674495,0.325505
174,1017.61,0.250,-11.625,0.0073,0.0611,0.0000,0.0000,0.0000,0.0000,0.0000,0.0000,0.0000,0.0000,0.0000,0.0000,0.0000,0.0000,0.0000,0.0000,46.4557,53.5443,0.0000,0.0000,0.0000,-0.147,-0.069,0.060,0.120,0.014,0.679437,0.320563
175,1016.61,0.250,-11.640,0.0075,0.0609,0.0000,0.0000,0.0000,0.0000,0.0000,0.0000,0.0000,0.0000,0.0000,0.0000,0.0000,0.0000,0.0000,0.0000,47.0207,52.9793,0.0000,0.0000,0.0000,-0.150,-0.071,0.061,0.123,0.014,0.684360,0.315640
176,1015.61,0.250,-11.654,0.0076,0.0606,0.0000,0.0000,0.0000,0.0000,0.0000,0.0000,0.0000,0.0000,0.0000,0.0000,0.0000,0.0000,0.0000,0.0000,47.5888,52.4112,0.0000,0.0000,0.0000,-0.153,-0.072,0.062,0.125,0.015,0.689263,0.310737
177,1014.61,0.250,-11.669,0.0077,0.0604,0.0000,0.0000,0.0000,0.0000,0.0000,0.0000,0.0000,0.0000,0.0000,0.0000,0.0000,0.0000,0.0000,0.0000,48.1601,51.8399,0.0000,0.0000,0.0000,-0.156,-0.073,0.064,0.128,0.015,0.694144,0.305856
178,1013.61,0.250,-11.684,0.0079,0.0602,0.0000,0.0000,0.0000,0.0000,0.0000,0.0000,0.0000,0.0000,0.0000,0.0000,0.0000,0.0000,0.0000,0.0000,48.7343,51.2657,0.0000,0.0000,0.0000,-0.159,-0.075,0.065,0.131,0.015,0.699004,0.300996
179,1012.61,0.250,-11.698,0.0080,0.0600,0.0000,0.0000,0.0000,0.0000,0.0000,0.0000,0.0000,0.0000,0.0000,0.0000,0.0000,0.0000,0.0000,0.0000,49.3115,50.6885,0.0000,0.0000,0.0000,-0.162,-0.076,0.066,0.133,0.016,0.703840,0.296160
180,1011.61,0.250,-11.713,0.0081,0.0597,0.0000,0.0000,0.0000,0.0000,0.0000,0.0000,0.0000,0.0000,0.0000,0.0000,0.0000,0.0000,0.0000,0.0000,49.8914,50.1086,0.0000,0.0000,0.0000,-0.165,-0.078,0.068,0.136,0.016,0.708654,0.291346
181,1010.61,0.250,-11.728,0.0083,0.0595,0.0000,0.0000,0.0000,0.0000,0.0000,0.0000,0.0000,0.0000,0.0000,0.0000,0.0000,0.0000,0.0000,0.0000,50.4741,49.5259,0.0000,0.0000,0.0000,-0.168,-0.079,0.069,0.139,0.016,0.713442,0.286558
182,1009.61,0.250,-11.743,0.0084,0.0593,0.0000,0.0000,0.0000,0.0000,0.0000,0.0000,0.0000,0.0000,0.0000,0.0000,0.0000,0.0000,0.0000,0.0000,51.0593,48.9407,0.0000,0.0000,0.0000,-0.172,-0.081,0.071,0.142,0.017,0.718205,0.281795
183,1008.61,0.250,-11.758,0.0086,0.0591,0.0000,0.0000,0.0000,0.0000,0.0000,0.0000,0.0000,0.0000,0.0000,0.0000,0.0000,0.0000,0.0000,0.0000,51.6470,48.3530,0.0000,0.0000,0.0000,-0.175,-0.083,0.072,0.145,0.017,0.722942,0.277058
184,1007.61,0.250,-11.773,0.0087,0.0589,0.0000,0.0000,0.0000,0.0000,0.0000,0.0000,0.0000,0.0000,0.0000,0.0000,0.0000,0.0000,0.0000,0.0000,52.2370,47.7630,0.0000,0.0000,0.0000,-0.179,-0.084,0.074,0.148,0.017,0.727651,0.272349
185,1006.61,0.250,-11.787,0.0089,0.0586,0.0000,0.0000,0.0000,0.0000,0.0000,0.0000,0.0000,0.0000,0.0000,0.0000,0.0000,0.0000,0.0000,0.0000,52.8292,47.1708,0.0000,0.0000,0.0000,-0.182,-0.086,0.075,0.151,0.018,0.732332,0.267668
186,1005.61,0.250,-11.802,0.0090,0.0584,0.0000,0.0000,0.0000,0.0000,0.0000,0.0000,0.0000,0.0000,0.0000,0.0000,0.0000,0.0000,0.0000,0.0000,53.4234,46.5766,0.0000,0.0000,0.0000,-0.186,-0.088,0.077,0.154,0.018,0.736983,0.263017
187,1004.61,0.250,-11.817,0.0092,0.0582,0.0000,0.0000,0.0000,0.0000,0.0000,0.0000,0.0000,0.0000,0.0000,0.0000,0.0000,0.0000,0.0000,0.0000,54.0194,45.9806,0.0000,0.0000,0.0000,-0.190,-0.089,0.079,0.158,0.018,0.741604,0.258396
188,1003.61,0.250,-11.832,0.0093,0.0580,0.0000,0.0000,0.0000,0.0000,0.0000,0.0000,0.0000,0.0000,0.0000,0.0000,0.0000,0.0000,0.0000,0.0000,54.6172,45.3828,0.0000,0.0000,0.0000,-0.194,-0.091,0.080,0.161,0.019,0.746193,0.253807
189,1002.61,0.250,-11.847,0.0095,0.0578,0.0000,0.0000,0.0000,0.0000,0.0000,0.0000,0.0000,0.0000,0.0000,0.0000,0.0000,0.0000,0.0000,0.0000,55.2165,44.7835,0.0000,0.0000,0.0000,-0.198,-0.093,0.082,0.165,0.019,0.750750,0.249250
190,1001.61,0.250,-11.862,0.0097,0.0576,0.0000,0.0000,0.0000,0.0000,0.0000,0.0000,0.0000,0.0000,0.0000,0.0000,0.0000,0.0000,0.0000,0.0000,55.8171,44.1829,0.0000,0.0000,0.0000,-0.202,-0.095,0.084,0.168,0.020,0.755274,0.244726
191,1000.61,0.250,-11.877,0.0099,0.0574,0.0000,0.0000,0.0000,0.0000,0.0000,0.0000,0.0000,0.0000,0.0000,0.0000,0.0000,0.0000,0.0000,0.0000,56.4188,43.5812,0.0000,0.0000,0.0000,-0.206,-0.097,0.086,0.172,0.020,0.759762,0.240238
192,999.61,0.250,-11.892,0.0100,0.0571,0.0000,0.0000,0.0000,0.0000,0.0000,0.0000,0.0000,0.0000,0.0000,0.0000,0.0000,0.0000,0.0000,0.0000,57.0215,42.9785,0.0000,0.0000,0.0000,-0.210,-0.099,0.087,0.176,0.021,0.764214,0.235786
193,998.61,0.250,-11.907,0.0102,0.0569,0.0000,0.0000,0.0000,0.0000,0.0000,0.0000,0.0000,0.0000,0.0000,0.0000,0.0000,0.0000,0.0000,0.0000,57.6248,42.3752,0.0000,0.0000,0.0000,-0.215,-0.101,0.089,0.179,0.021,0.768629,0.231371
194,997.61,0.250,-11.923,0.0104,0.0567,0.0000,0.0000,0.0000,0.0000,0.0000,0.0000,0.0000,0.0000,0.0000,0.0000,0.0000,0.0000,0.0000,0.0000,58.2287,41.7713,0.0000,0.0000,0.0000,-0.219,-0.103,0.091,0.183,0.022,0.773006,0.226994
195,996.61,0.250,-11.938,0.0106,0.0565,0.0000,0.0000,0.0000,0.0000,0.0000,0.0000,0.0000,0.0000,0.0000,0.0000,0.0000,0.0000,0.0000,0.0000,58.8327,41.1673,0.0000,0.0000,0.0000,-0.224,-0.105,0.093,0.188,0.022,0.777343,0.222657
196,995.61,0.250,-11.953,0.0108,0.0563,0.0000,0.0000,0.0000,0.0000,0.0000,0.0000,0.0000,0.0000,0.0000,0.0000,0.0000,0.0000,0.0000,0.0000,59.4368,40.5632,0.0000,0.0000,0.0000,-0.229,-0.108,0.095,0.192,0.022,0.781640,0.218360
197,994.61,0.250,-11.968,0.0110,0.0561,0.0000,0.0000,0.0000,0.0000,0.0000,0.0000,0.0000,0.0000,0.0000,0.0000,0.0000,0.0000,0.0000,0.0000,60.0405,39.9595,0.0000,0.0000,0.0000,-0.233,-0.110,0.098,0.196,0.023,0.785894,0.214106
198,993.61,0.250,-11.983,0.0110,0.0562,0.0000,0.0000,0.0000,0.0000,0.0000,0.0000,0.0000,0.0000,0.0000,0.0000,0.0000,0.0000,0.0000,0.0000,60.0405,39.9595,0.0000,0.0000,0.0000,-0.233,-0.110,0.098,0.196,0.023,0.785894,0.214106
199,992.61,0.250,-11.998,0.0114,0.0557,0.0000,0.0000,0.0000,0.0000,0.0000,0.0000,0.0000,0.0000,0.0000,0.0000,0.0000,0.0000,0.0000,0.0000,61.2500,38.7500,0.0000,0.0000,0.0000,-0.244,-0.115,0.102,0.205,0.024,0.794298,0.205702
200,991.61,0.250,-12.014,0.0116,0.0555,0.0000,0.0000,0.0000,0.0000,0.0000,0.0000,0.0000,0.0000,0.0000,0.0000,0.0000,0.0000,0.0000,0.0000,61.8513,38.1487,0.0000,0.0000,0.0000,-0.249,-0.117,0.104,0.210,0.025,0.798418,0.201582
201,990.61,0.250,-12.029,0.0119,0.0553,0.0000,0.0000,0.0000,0.0000,0.0000,0.0000,0.0000,0.0000,0.0000,0.0000,0.0000,0.0000,0.0000,0.0000,62.4511,37.5489,0.0000,0.0000,0.0000,-0.254,-0.120,0.107,0.215,0.025,0.802491,0.197509
202,989.61,0.250,-12.044,0.0121,0.0552,0.0000,0.0000,0.0000,0.0000,0.0000,0.0000,0.0000,0.0000,0.0000,0.0000,0.0000,0.0000,0.0000,0.0000,63.0492,36.9508,0.0000,0.0000,0.0000,-0.260,-0.122,0.109,0.219,0.026,0.806515,0.193485
203,988.61,0.250,-12.060,0.0123,0.0550,0.0000,0.0000,0.0000,0.0000,0.0000,0.0000,0.0000,0.0000,0.0000,0.0000,0.0000,0.0000,0.0000,0.0000,63.6453,36.3547,0.0000,0.0000,0.0000,-0.266,-0.125,0.112,0.225,0.026,0.810490,0.189510
204,987.61,0.250,-12.075,0.0126,0.0548,0.0000,0.0000,0.0000,0.0000,0.0000,0.0000,0.0000,0.0000,0.0000,0.0000,0.0000,0.0000,0.0000,0.0000,64.2389,35.7611,0.0000,0.0000,0.0000,-0.272,-0.128,0.114,0.230,0.027,0.814413,0.185587
205,986.61,0.250,-12.090,0.0128,0.0546,0.0000,0.0000,0.0000,0.0000,0.0000,0.0000,0.0000,0.0000,0.0000,0.0000,0.0000,0.0000,0.0000,0.0000,64.8298,35.1702,0.0000,0.0000,0.0000,-0.278,-0.130,0.117,0.235,0.028,0.818284,0.181716
206,985.61,0.250,-12.106,0.0131,0.0544,0.0000,0.0000,0.0000,0.0000,0.0000,0.0000,0.0000,0.0000,0.0000,0.0000,0.0000,0.0000,0.0000,0.0000,65.4177,34.5823,0.0000,0.0000,0.0000,-0.284,-0.133,0.120,0.241,0.028,0.822101,0.177899
207,984.61,0.250,-12.121,0.0134,0.0543,0.0000,0.0000,0.0000,0.0000,0.0000,0.0000,0.0000,0.0000,0.0000,0.0000,0.0000,0.0000,0.0000,0.0000,66.0022,33.9978,0.0000,0.0000,0.0000,-0.290,-0.136,0.122,0.246,0.029,0.825863,0.174137
208,983.61,0.250,-12.137,0.0136,0.0541,0.0000,0.0000,0.0000,0.0000,0.0000,0.0000,0.0000,0.0000,0.0000,0.0000,0.0000,0.0000,0.0000,0.0000,66.5816,33.4184,0.0000,0.0000,0.0000,-0.297,-0.139,0.125,0.252,0.030,0.829561,0.170439
209,982.61,0.250,-12.152,0.0139,0.0539,0.0000,0.0000,0.0000,0.0000,0.0000,0.0000,0.0000,0.0000,0.0000,0.0000,0.0000,0.0000,0.0000,0.0000,67.1595,32.8405,0.0000,0.0000,0.0000,-0.304,-0.143,0.128,0.258,0.030,0.833217,0.166783
210,981.61,0.250,-12.168,0.0142,0.0538,0.0000,0.0000,0.0000,0.0000,0.0000,0.0000,0.0000,0.0000,0.0000,0.0000,0.0000,0.0000,0.0000,0.0000,67.7316,32.2684,0.0000,0.0000,0.0000,-0.311,-0.146,0.131,0.264,0.031,0.836807,0.163193
211,980.61,0.250,-12.183,0.0145,0.0536,0.0000,0.0000,0.0000,0.0000,0.0000,0.0000,0.0000,0.0000,0.0000,0.0000,0.0000,0.0000,0.0000,0.0000,68.2989,31.7011,0.0000,0.0000,0.0000,-0.318,-0.149,0.134,0.270,0.032,0.840337,0.159663
212,979.61,0.250,-12.199,0.0148,0.0534,0.0000,0.0000,0.0000,0.0000,0.0000,0.0000,0.0000,0.0000,0.0000,0.0000,0.0000,0.0000,0.0000,0.0000,68.8610,31.1390,0.0000,0.0000,0.0000,-0.325,-0.153,0.137,0.276,0.033,0.843807,0.156193
213,978.61,0.250,-12.214,0.0151,0.0533,0.0000,0.0000,0.0000,0.0000,0.0000,0.0000,0.0000,0.0000,0.0000,0.0000,0.0000,0.0000,0.0000,0.0000,69.4176,30.5824,0.0000,0.0000,0.0000,-0.332,-0.156,0.141,0.283,0.033,0.847214,0.152786
214,977.61,0.250,-12.230,0.0154,0.0531,0.0000,0.0000,0.0000,0.0000,0.0000,0.0000,0.0000,0.0000,0.0000,0.0000,0.0000,0.0000,0.0000,0.0000,69.9683,30.0317,0.0000,0.0000,0.0000,-0.340,-0.160,0.144,0.290,0.034,0.850558,0.149442
215,976.61,0.250,-12.245,0.0157,0.0530,0.0000,0.0000,0.0000,0.0000,0.0000,0.0000,0.0000,0.0000,0.0000,0.0000,0.0000,0.0000,0.0000,0.0000,70.5128,29.4872,0.0000,0.0000,0.0000,-0.348,-0.163,0.147,0.297,0.035,0.853839,0.146161
216,975.61,0.250,-12.261,0.0160,0.0528,0.0000,0.0000,0.0000,0.0000,0.0000,0.0000,0.0000,0.0000,0.0000,0.0000,0.0000,0.0000,0.0000,0.0000,71.0508,28.9492,0.0000,0.0000,0.0000,-0.356,-0.167,0.151,0.304,0.036,0.857056,0.142944
217,974.61,0.250,-12.277,0.0164,0.0527,0.0000,0.0000,0.0000,0.0000,0.0000,0.0000,0.0000,0.0000,0.0000,0.0000,0.0000,0.0000,0.0000,0.0000,71.5818,28.4182,0.0000,0.0000,0.0000,-0.364,-0.171,0.155,0.311,0.037,0.860207,0.139793
218,973.61,0.250,-12.292,0.0167,0.0525,0.0000,0.0000,0.0000,0.0000,0.0000,0.0000,0.0000,0.0000,0.0000,0.0000,0.0000,0.0000,0.0000,0.0000,72.1057,27.8943,0.0000,0.0000,0.0000,-0.372,-0.175,0.158,0.318,0.038,0.863292,0.136708
219,972.61,0.250,-12.308,0.0171,0.0524,0.0000,0.0000,0.0000,0.0000,0.0000,0.0000,0.0000,0.0000,0.0000,0.0000,0.0000,0.0000,0.0000,0.0000,72.6220,27.3780,0.0000,0.0000,0.0000,-0.381,-0.179,0.162,0.326,0.039,0.866311,0.133689
220,971.61,0.250,-12.324,0.0174,0.0523,0.0000,0.0000,0.0000,0.0000,0.0000,0.0000,0.0000,0.0000,0.0000,0.0000,0.0000,0.0000,0.0000,0.0000,73.1306,26.8694,0.0000,0.0000,0.0000,-0.389,-0.183,0.166,0.333,0.039,0.869263,0.130737
221,970.61,0.250,-12.340,0.0178,0.0522,0.0000,0.0000,0.0000,0.0000,0.0000,0.0000,0.0000,0.0000,0.0000,0.0000,0.0000,0.0000,0.0000,0.0000,73.6311,26.3689,0.0000,0.0000,0.0000,-0.398,-0.187,0.170,0.341,0.040,0.872147,0.127853
222,969.61,0.250,-12.355,0.0182,0.0520,0.0000,0.0000,0.0000,0.0000,0.0000,0.0000,0.0000,0.0000,0.0000,0.0000,0.0000,0.0000,0.0000,0.0000,74.1233,25.8767,0.0000,0.0000,0.0000,-0.407,-0.191,0.174,0.349,0.041,0.874964,0.125036
223,968.61,0.250,-12.371,0.0185,0.0519,0.0000,0.0000,0.0000,0.0000,0.0000,0.0000,0.0000,0.0000,0.0000,0.0000,0.0000,0.0000,0.0000,0.0000,74.6070,25.3930,0.0000,0.0000,0.0000,-0.416,-0.196,0.178,0.357,0.042,0.877714,0.122286
224,967.61,0.250,-12.387,0.0189,0.0518,0.0000,0.0000,0.0000,0.0000,0.0000,0.0000,0.0000,0.0000,0.0000,0.0000,0.0000,0.0000,0.0000,0.0000,75.0820,24.9180,0.0000,0.0000,0.0000,-0.426,-0.200,0.182,0.365,0.043,0.880396,0.119604
225,966.61,0.250,-12.403,0.0193,0.0517,0.0000,0.0000,0.0000,0.0000,0.0000,0.0000,0.0000,0.0000,0.0000,0.0000,0.0000,0.0000,0.0000,0.0000,75.5470,24.4530,0.0000,0.0000,0.0000,-0.435,-0.205,0.186,0.374,0.044,0.883005,0.116995
226,965.61,0.250,-12.419,0.0197,0.0516,0.0000,0.0000,0.0000,0.0000,0.0000,0.0000,0.0000,0.0000,0.0000,0.0000,0.0000,0.0000,0.0000,0.0000,76.0050,23.9950,0.0000,0.0000,0.0000,-0.445,-0.209,0.190,0.382,0.045,0.885558,0.114442
227,964.61,0.250,-12.435,0.0201,0.0515,0.0000,0.0000,0.0000,0.0000,0.0000,0.0000,0.0000,0.0000,0.0000,0.0000,0.0000,0.0000,0.0000,0.0000,76.4527,23.5473,0.0000,0.0000,0.0000,-0.455,-0.214,0.195,0.391,0.046,0.888038,0.111962
228,963.61,0.250,-12.451,0.0205,0.0514,0.0000,0.0000,0.0000,0.0000,0.0000,0.0000,0.0000,0.0000,0.0000,0.0000,0.0000,0.0000,0.0000,0.0000,76.8910,23.1090,0.0000,0.0000,0.0000,-0.465,-0.219,0.199,0.400,0.048,0.890452,0.109548
229,962.61,0.250,-12.467,0.0209,0.0513,0.0000,0.0000,0.0000,0.0000,0.0000,0.0000,0.0000,0.0000,0.0000,0.0000,0.0000,0.0000,0.0000,0.0000,77.3199,22.6801,0.0000,0.0000,0.0000,-0.475,-0.224,0.203,0.409,0.049,0.892799,0.107201
230,961.61,0.250,-12.483,0.0214,0.0512,0.0000,0.0000,0.0000,0.0000,0.0000,0.0000,0.0000,0.0000,0.0000,0.0000,0.0000,0.0000,0.0000,0.0000,77.7393,22.2607,0.0000,0.0000,0.0000,-0.485,-0.228,0.208,0.418,0.050,0.895082,0.104918
231,960.61,0.250,-12.499,0.0218,0.0511,0.0000,0.0000,0.0000,0.0000,0.0000,0.0000,0.0000,0.0000,0.0000,0.0000,0.0000,0.0000,0.0000,0.0000,78.1491,21.8509,0.0000,0.0000,0.0000,-0.496,-0.233,0.213,0.427,0.051,0.897300,0.102700
232,959.61,0.250,-12.515,0.0222,0.0510,0.0000,0.0000,0.0000,0.0000,0.0000,0.0000,0.0000,0.0000,0.0000,0.0000,0.0000,0.0000,0.0000,0.0000,78.5493,21.4507,0.0000,0.0000,0.0000,-0.506,-0.238,0.217,0.436,0.052,0.899454,0.100546
233,958.61,0.250,-12.531,0.0227,0.0509,0.0000,0.0000,0.0000,0.0000,0.0000,0.0000,0.0000,0.0000,0.0000,0.0000,0.0000,0.0000,0.0000,0.0000,78.9400,21.0600,0.0000,0.0000,0.0000,-0.517,-0.244,0.222,0.445,0.053,0.901545,0.098455
234,957.61,0.250,-12.547,0.0231,0.0508,0.0000,0.0000,0.0000,0.0000,0.0000,0.0000,0.0000,0.0000,0.0000,0.0000,0.0000,0.0000,0.0000,0.0000,79.3210,20.6790,0.0000,0.0000,0.0000,-0.528,-0.249,0.227,0.455,0.054,0.903574,0.096426
235,956.61,0.250,-12.563,0.0236,0.0508,0.0000,0.0000,0.0000,0.0000,0.0000,0.0000,0.0000,0.0000,0.0000,0.0000,0.0000,0.0000,0.0000,0.0000,79.6926,20.3074,0.0000,0.0000,0.0000,-0.539,-0.254,0.232,0.464,0.056,0.905543,0.094457
236,955.61,0.250,-12.579,0.0240,0.0507,0.0000,0.0000,0.0000,0.0000,0.0000,0.0000,0.0000,0.0000,0.0000,0.0000,0.0000,0.0000,0.0000,0.0000,80.0547,19.9453,0.0000,0.0000,0.0000,-0.550,-0.259,0.236,0.474,0.057,0.907452,0.092548
237,954.61,0.250,-12.595,0.0245,0.0506,0.0000,0.0000,0.0000,0.0000,0.0000,0.0000,0.0000,0.0000,0.0000,0.0000,0.0000,0.0000,0.0000,0.0000,80.4073,19.5927,0.0000,0.0000,0.0000,-0.561,-0.265,0.241,0.484,0.058,0.909302,0.090698
238,953.61,0.250,-12.612,0.0250,0.0506,0.0000,0.0000,0.0000,0.0000,0.0000,0.0000,0.0000,0.0000,0.0000,0.0000,0.0000,0.0000,0.0000,0.0000,80.7507,19.2493,0.0000,0.0000,0.0000,-0.572,-0.270,0.246,0.493,0.059,0.911096,0.088904
239,952.61,0.250,-12.628,0.0254,0.0505,0.0000,0.0000,0.0000,0.0000,0.0000,0.0000,0.0000,0.0000,0.0000,0.0000,0.0000,0.0000,0.0000,0.0000,81.0841,18.9159,0.0000,0.0000,0.0000,-0.583,-0.275,0.251,0.503,0.060,0.912830,0.087170
240,951.61,0.250,-12.644,0.0259,0.0505,0.0000,0.0000,0.0000,0.0000,0.0000,0.0000,0.0000,0.0000,0.0000,0.0000,0.0000,0.0000,0.0000,0.0000,81.4101,18.5899,0.0000,0.0000,0.0000,-0.595,-0.281,0.256,0.513,0.062,0.914517,0.085483
241,950.61,0.250,-12.660,0.0264,0.0504,0.0000,0.0000,0.0000,0.0000,0.0000,0.0000,0.0000,0.0000,0.0000,0.0000,0.0000,0.0000,0.0000,0.0000,81.7263,18.2737,0.0000,0.0000,0.0000,-0.606,-0.286,0.261,0.523,0.063,0.916147,0.083853
242,949.61,0.250,-12.677,0.0268,0.0503,0.0000,0.0000,0.0000,0.0000,0.0000,0.0000,0.0000,0.0000,0.0000,0.0000,0.0000,0.0000,0.0000,0.0000,82.0331,17.9669,0.0000,0.0000,0.0000,-0.617,-0.292,0.266,0.533,0.064,0.917722,0.082278
243,948.61,0.250,-12.693,0.0273,0.0503,0.0000,0.0000,0.0000,0.0000,0.0000,0.0000,0.0000,0.0000,0.0000,0.0000,0.0000,0.0000,0.0000,0.0000,82.3327,17.6673,0.0000,0.0000,0.0000,-0.629,-0.297,0.271,0.543,0.065,0.919254,0.080746
244,947.61,0.250,-12.709,0.0278,0.0503,0.0000,0.0000,0.0000,0.0000,0.0000,0.0000,0.0000,0.0000,0.0000,0.0000,0.0000,0.0000,0.0000,0.0000,82.6232,17.3768,0.0000,0.0000,0.0000,-0.641,-0.303,0.277,0.553,0.067,0.920733,0.079267
245,946.61,0.250,-12.726,0.0283,0.0502,0.0000,0.0000,0.0000,0.0000,0.0000,0.0000,0.0000,0.0000,0.0000,0.0000,0.0000,0.0000,0.0000,0.0000,82.9053,17.0947,0.0000,0.0000,0.0000,-0.652,-0.309,0.282,0.563,0.068,0.922165,0.077835
246,945.61,0.250,-12.742,0.0288,0.0502,0.0000,0.0000,0.0000,0.0000,0.0000,0.0000,0.0000,0.0000,0.0000,0.0000,0.0000,0.0000,0.0000,0.0000,83.1795,16.8205,0.0000,0.0000,0.0000,-0.664,-0.314,0.287,0.573,0.069,0.923551,0.076449
247,944.61,0.250,-12.759,0.0292,0.0501,0.0000,0.0000,0.0000,0.0000,0.0000,0.0000,0.0000,0.0000,0.0000,0.0000,0.0000,0.0000,0.0000,0.0000,83.4457,16.5543,0.0000,0.0000,0.0000,-0.675,-0.320,0.292,0.583,0.070,0.924892,0.075108
248,943.61,0.250,-12.775,0.0307,0.0500,0.0000,0.0000,0.0000,0.0000,0.0000,0.0000,0.0000,0.0000,0.0000,0.0000,0.0000,0.0000,0.0000,0.0000,84.1780,15.8220,0.0000,0.0000,0.0000,-0.710,-0.336,0.307,0.614,0.074,0.928557,0.071443
249,942.61,0.250,-12.792,0.0322,0.0498,0.0000,0.0000,0.0000,0.0000,0.0000,0.0000,0.0000,0.0000,0.0000,0.0000,0.0000,0.0000,0.0000,0.0000,84.8895,15.1105,0.0000,0.0000,0.0000,-0.747,-0.354,0.323,0.646,0.078,0.932084,0.067916
250,941.61,0.250,-12.808,0.0337,0.0496,0.0000,0.0000,0.0000,0.0000,0.0000,0.0000,0.0000,0.0000,0.0000,0.0000,0.0000,0.0000,0.0000,0.0000,85.5543,14.4457,0.0000,0.0000,0.0000,-0.784,-0.371,0.340,0.679,0.082,0.935351,0.064649
251,940.61,0.250,-12.825,0.0353,0.0495,0.0000,0.0000,0.0000,0.0000,0.0000,0.0000,0.0000,0.0000,0.0000,0.0000,0.0000,0.0000,0.0000,0.0000,86.1741,13.8259,0.0000,0.0000,0.0000,-0.822,-0.390,0.357,0.713,0.086,0.938371,0.061629
252,939.61,0.250,-12.841,0.0368,0.0494,0.0000,0.0000,0.0000,0.0000,0.0000,0.0000,0.0000,0.0000,0.0000,0.0000,0.0000,0.0000,0.0000,0.0000,86.7507,13.2493,0.0000,0.0000,0.0000,-0.861,-0.408,0.374,0.747,0.090,0.941160,0.058840
253,938.61,0.250,-12.858,0.0385,0.0492,0.0000,0.0000,0.0000,0.0000,0.0000,0.0000,0.0000,0.0000,0.0000,0.0000,0.0000,0.0000,0.0000,0.0000,87.2866,12.7134,0.0000,0.0000,0.0000,-0.900,-0.427,0.391,0.781,0.095,0.943733,0.056267
254,937.61,0.250,-12.875,0.0401,0.0491,0.0000,0.0000,0.0000,0.0000,0.0000,0.0000,0.0000,0.0000,0.0000,0.0000,0.0000,0.0000,0.0000,0.0000,87.7842,12.2158,0.0000,0.0000,0.0000,-0.940,-0.445,0.408,0.815,0.099,0.946107,0.053893
255,936.61,0.250,-12.891,0.0417,0.0490,0.0000,0.0000,0.0000,0.0000,0.0000,0.0000,0.0000,0.0000,0.0000,0.0000,0.0000,0.0000,0.0000,0.0000,88.2459,11.7541,0.0000,0.0000,0.0000,-0.979,-0.464,0.426,0.850,0.103,0.948296,0.051704
256,935.61,0.250,-12.908,0.0433,0.0490,0.0000,0.0000,0.0000,0.0000,0.0000,0.0000,0.0000,0.0000,0.0000,0.0000,0.0000,0.0000,0.0000,0.0000,88.6744,11.3256,0.0000,0.0000,0.0000,-1.018,-0.483,0.443,0.884,0.107,0.950315,0.049685
257,934.61,0.250,-12.925,0.0449,0.0489,0.0000,0.0000,0.0000,0.0000,0.0000,0.0000,0.0000,0.0000,0.0000,0.0000,0.0000,0.0000,0.0000,0.0000,89.0720,10.9280,0.0000,0.0000,0.0000,-1.058,-0.502,0.460,0.919,0.112,0.952180,0.047820
258,933.61,0.250,-12.941,0.0465,0.0488,0.0000,0.0000,0.0000,0.0000,0.0000,0.0000,0.0000,0.0000,0.0000,0.0000,0.0000,0.0000,0.0000,0.0000,89.4412,10.5588,0.0000,0.0000,0.0000,-1.097,-0.521,0.477,0.953,0.116,0.953903,0.046097
259,932.61,0.250,-12.958,0.0481,0.0488,0.0000,0.0000,0.0000,0.0000,0.0000,0.0000,0.0000,0.0000,0.0000,0.0000,0.0000,0.0000,0.0000,0.0000,89.7843,10.2157,0.0000,0.0000,0.0000,-1.136,-0.539,0.495,0.987,0.120,0.955497,0.044503
260,931.61,0.250,-12.975,0.0497,0.0487,0.0000,0.0000,0.0000,0.0000,0.0000,0.0000,0.0000,0.0000,0.0000,0.0000,0.0000,0.0000,0.0000,0.0000,90.1033,9.8967,0.0000,0.0000,0.0000,-1.174,-0.558,0.512,1.020,0.124,0.956973,0.043027
261,930.61,0.250,-12.992,0.0513,0.0487,0.0000,0.0000,0.0000,0.0000,0.0000,0.0000,0.0000,0.0000,0.0000,0.0000,0.0000,0.0000,0.0000,0.0000,90.4003,9.5997,0.0000,0.0000,0.0000,-1.212,-0.576,0.528,1.054,0.129,0.958342,0.041658
262,929.61,0.250,-13.009,0.0529,0.0487,0.0000,0.0000,0.0000,0.0000,0.0000,0.0000,0.0000,0.0000,0.0000,0.0000,0.0000,0.0000,0.0000,0.0000,90.6771,9.3229,0.0000,0.0000,0.0000,-1.250,-0.594,0.545,1.086,0.133,0.959613,0.040387
263,928.61,0.250,-13.026,0.0544,0.0486,0.0000,0.0000,0.0000,0.0000,0.0000,0.0000,0.0000,0.0000,0.0000,0.0000,0.0000,0.0000,0.0000,0.0000,90.9354,9.0646,0.0000,0.0000,0.0000,-1.287,-0.612,0.561,1.119,0.137,0.960795,0.039205
264,927.61,0.250,-13.043,0.0559,0.0486,0.0000,0.0000,0.0000,0.0000,0.0000,0.0000,0.0000,0.0000,0.0000,0.0000,0.0000,0.0000,0.0000,0.0000,91.1767,8.8233,0.0000,0.0000,0.0000,-1.324,-0.630,0.578,1.150,0.141,0.961897,0.038103
265,926.61,0.250,-13.060,0.0574,0.0486,0.0000,0.0000,0.0000,0.0000,0.0000,0.0000,0.0000,0.0000,0.0000,0.0000,0.0000,0.0000,0.0000,0.0000,91.4025,8.5975,0.0000,0.0000,0.0000,-1.360,-0.647,0.594,1.182,0.145,0.962924,0.037076
266,925.61,0.250,-13.076,0.0589,0.0486,0.0000,0.0000,0.0000,0.0000,0.0000,0.0000,0.0000,0.0000,0.0000,0.0000,0.0000,0.0000,0.0000,0.0000,91.6140,8.3860,0.0000,0.0000,0.0000,-1.395,-0.665,0.609,1.212,0.149,0.963884,0.036116
267,924.61,0.250,-13.093,0.0608,0.0486,0.0000,0.0000,0.0000,0.0000,0.0000,0.0000,0.0000,0.0000,0.0000,0.0000,0.0000,0.0000,0.0000,0.0000,91.8671,8.1329,0.0000,0.0000,0.0000,-1.440,-0.686,0.629,1.251,0.154,0.965028,0.034972
