Liquid Composition:
index Pressure Temperature mass SiO2 TiO2 Al2O3 Fe2O3 Cr2O3 FeO MnO MgO NiO CoO CaO Na2O K2O P2O5 H2O CO2 
1 250.00 1190.61 100.455630 50.9679 0.955646 14.6851 1.13803 0.0418095 8.62183 0.175202 8.41167 0.0109501 0 12.3902 2.23639 0.0467711 0.0647052 0.248866 0.00497732
2 250.00 1189.61 100.104313 50.977 0.959 14.6202 1.14236 0.0419562 8.65178 0.175817 8.44119 0.0109885 0 12.3773 2.23588 0.0468965 0.0649323 0.249739 0.00499479
3 250.00 1188.61 98.595821 51.0668 0.973672 14.5213 1.1518 0.0425982 8.69915 0.176685 8.33143 0.0103135 0 12.4074 2.24677 0.0475048 0.0659257 0.25356 0.00507121
4 250.00 1187.61 97.750485 51.1119 0.982092 14.4419 1.15841 0.0429665 8.73643 0.177401 8.2982 0.0100397 0 12.4142 2.25126 0.0478453 0.0664958 0.255753 0.00511506
5 250.00 1186.61 96.922023 51.1567 0.990487 14.3629 1.16498 0.0433338 8.77332 0.178106 8.26513 0.00977514 0 12.4212 2.25566 0.0481839 0.0670642 0.257939 0.00515879
6 250.00 1185.61 96.109934 51.2013 0.998856 14.2845 1.17151 0.0437 8.80982 0.1788 8.23221 0.00951936 0 12.4283 2.25996 0.0485206 0.0676309 0.260119 0.00520238
7 250.00 1184.61 95.313740 51.2456 1.0072 14.2065 1.17802 0.044065 8.84592 0.179484 8.19944 0.00927202 0 12.4357 2.26416 0.0488556 0.0681958 0.262292 0.00524583
8 250.00 1183.61 94.532976 51.2897 1.01552 14.129 1.18449 0.0444289 8.88163 0.180158 8.16681 0.00903275 0 12.4432 2.26827 0.0491887 0.0687591 0.264458 0.00528916
9 250.00 1182.61 91.401896 51.2929 1.04494 14.1864 1.19892 0.0459509 9.05858 0.186335 8.03191 0.00934441 0 12.227 2.31692 0.050747 0.0711145 0.273517 0.00547035
10 250.00 1181.61 90.143440 51.2995 1.05766 14.1661 1.2068 0.0465924 9.14049 0.188936 8.00115 0.00947487 0 12.1433 2.33364 0.0513838 0.0721073 0.277336 0.00554672
11 250.00 1180.61 88.916757 51.3059 1.07039 14.1458 1.21463 0.0472352 9.22206 0.191543 7.97028 0.00960558 0 12.0604 2.35022 0.0520207 0.0731021 0.281162 0.00562324
12 250.00 1179.61 87.720421 51.3121 1.08313 14.1255 1.2224 0.0478794 9.30332 0.194155 7.93928 0.00973658 0 11.9784 2.36667 0.0526576 0.074099 0.284996 0.00569993
13 250.00 1178.61 86.553077 51.318 1.09589 14.1052 1.23012 0.0485251 9.38425 0.196774 7.90814 0.0098679 0 11.8972 2.383 0.0532947 0.0750984 0.28884 0.0057768
14 250.00 1177.61 85.413432 51.3237 1.10866 14.0849 1.23779 0.0491726 9.46488 0.199399 7.87685 0.00999956 0 11.8168 2.39921 0.0539323 0.0761004 0.292694 0.00585388
15 250.00 1176.61 83.774509 51.4264 1.12977 14.0019 1.24877 0.0501346 9.52722 0.200739 7.72051 0.00928536 0 11.8311 2.41735 0.054842 0.0775892 0.29842 0.0059684
16 250.00 1175.61 82.615368 51.4509 1.14399 13.9697 1.25691 0.050838 9.60294 0.203082 7.66624 0.00925044 0 11.7697 2.43353 0.0555248 0.0786779 0.302607 0.00605214
17 250.00 1174.61 81.488151 51.4752 1.15818 13.9375 1.26498 0.0515412 9.67813 0.205417 7.61234 0.00921589 0 11.709 2.44953 0.056206 0.0797662 0.306793 0.00613586
18 250.00 1173.61 80.391523 51.4993 1.17235 13.9054 1.27298 0.0522443 9.7528 0.207744 7.5588 0.0091817 0 11.6489 2.46537 0.0568856 0.0808543 0.310978 0.00621956
19 250.00 1172.61 79.324222 51.5232 1.1865 13.8733 1.28091 0.0529473 9.82695 0.210064 7.50561 0.00914786 0 11.5893 2.48103 0.0575637 0.0819422 0.315162 0.00630324
20 250.00 1171.61 78.285056 51.5469 1.20063 13.8413 1.28878 0.0536501 9.90059 0.212376 7.45278 0.00911438 0 11.5303 2.49653 0.0582402 0.0830299 0.319346 0.00638691
21 250.00 1170.61 77.272896 51.5704 1.21473 13.8093 1.29658 0.0543528 9.97373 0.214681 7.40029 0.00908126 0 11.4719 2.51186 0.0589152 0.0841175 0.323529 0.00647057
22 250.00 1169.61 76.286669 51.5937 1.22882 13.7774 1.30432 0.0550555 10.0464 0.216979 7.34813 0.00904848 0 11.414 2.52704 0.0595888 0.0852049 0.327711 0.00655422
23 250.00 1168.61 75.325362 51.6168 1.24288 13.7455 1.312 0.0557581 10.1185 0.21927 7.29631 0.00901605 0 11.3567 2.54205 0.0602609 0.0862923 0.331894 0.00663787
24 250.00 1167.61 74.388010 51.6398 1.25692 13.7137 1.31962 0.0564607 10.1902 0.221554 7.24482 0.00898397 0 11.2999 2.55691 0.0609317 0.0873797 0.336076 0.00672151
25 250.00 1166.61 73.473699 51.6625 1.27095 13.682 1.32718 0.0571633 10.2614 0.223831 7.19365 0.00895223 0 11.2437 2.57162 0.0616011 0.088467 0.340258 0.00680516
26 250.00 1165.61 72.581560 51.685 1.28496 13.6502 1.33469 0.0578659 10.3321 0.226102 7.1428 0.00892085 0 11.1879 2.58617 0.0622691 0.0895544 0.34444 0.0068888
27 250.00 1164.61 71.710766 51.7074 1.29895 13.6186 1.34213 0.0585686 10.4024 0.228367 7.09226 0.00888981 0 11.1327 2.60057 0.0629359 0.0906419 0.348623 0.00697245
28 250.00 1163.61 70.860530 51.7296 1.31293 13.5869 1.34952 0.0592714 10.4722 0.230625 7.04203 0.00885913 0 11.078 2.61483 0.0636014 0.0917295 0.352806 0.00705611
29 250.00 1162.61 70.030104 51.7516 1.32689 13.5553 1.35686 0.0599742 10.5415 0.232878 6.99211 0.00882879 0 11.0239 2.62895 0.0642656 0.0928172 0.356989 0.00713979
30 250.00 1161.61 69.218774 51.7734 1.34084 13.5238 1.36415 0.0606772 10.6104 0.235125 6.94248 0.00879881 0 10.9702 2.64292 0.0649287 0.0939052 0.361174 0.00722347
31 250.00 1160.61 68.425860 51.7951 1.35477 13.4923 1.37138 0.0613803 10.6789 0.237365 6.89315 0.00876919 0 10.917 2.65675 0.0655906 0.0949933 0.365359 0.00730718
32 250.00 1159.61 67.650713 51.8165 1.36869 13.4608 1.37857 0.0620836 10.7469 0.239601 6.84412 0.00873993 0 10.8643 2.67045 0.0662514 0.0960818 0.369545 0.0073909
33 250.00 1158.61 66.892713 51.8379 1.3826 13.4294 1.3857 0.0627871 10.8144 0.241831 6.79537 0.00871104 0 10.8121 2.68401 0.066911 0.0971705 0.373733 0.00747466
34 250.00 1157.61 66.151271 51.859 1.3965 13.398 1.39279 0.0634908 10.8816 0.244056 6.7469 0.00868251 0 10.7603 2.69743 0.0675696 0.0982596 0.377922 0.00755843
35 250.00 1156.61 65.425819 51.88 1.41039 13.3666 1.39982 0.0641948 10.9483 0.246276 6.69871 0.00865436 0 10.709 2.71072 0.0682272 0.0993492 0.382112 0.00764224
36 250.00 1155.61 64.715818 51.9008 1.42427 13.3352 1.40682 0.0648991 11.0146 0.248491 6.6508 0.0086266 0 10.6582 2.72389 0.0688837 0.100439 0.386304 0.00772609
37 250.00 1154.61 64.020751 51.9214 1.43814 13.3039 1.41376 0.0656037 11.0805 0.250701 6.60316 0.00859923 0 10.6079 2.73692 0.0695393 0.10153 0.390498 0.00780997
38 250.00 1153.61 63.340122 51.9419 1.45201 13.2727 1.42067 0.0663087 11.146 0.252907 6.55578 0.00857226 0 10.558 2.74983 0.070194 0.102621 0.394695 0.00789389
39 250.00 1152.61 62.673457 51.9622 1.46587 13.2414 1.42753 0.067014 11.211 0.255109 6.50867 0.00854571 0 10.5086 2.76262 0.0708478 0.103712 0.398893 0.00797786
40 250.00 1151.61 62.020302 51.9824 1.47972 13.2102 1.43434 0.0677198 11.2757 0.257307 6.46182 0.00851957 0 10.4596 2.77529 0.0715007 0.104804 0.403094 0.00806188
41 250.00 1150.61 61.380220 52.0023 1.49357 13.179 1.44112 0.068426 11.34 0.259501 6.41523 0.00849388 0 10.411 2.78783 0.0721528 0.105897 0.407297 0.00814595
42 250.00 1149.61 60.752793 52.0222 1.50741 13.1478 1.44785 0.0691326 11.4038 0.261692 6.36889 0.00846864 0 10.3629 2.80026 0.0728041 0.106991 0.411504 0.00823007
43 250.00 1148.61 60.137618 52.0418 1.52126 13.1167 1.45455 0.0698398 11.4673 0.26388 6.3228 0.00844386 0 10.3153 2.81257 0.0734547 0.108085 0.415713 0.00831426
44 250.00 1147.61 59.534310 52.0613 1.5351 13.0855 1.46121 0.0705476 11.5304 0.266064 6.27696 0.00841958 0 10.2681 2.82477 0.0741045 0.109181 0.419926 0.00839852
45 250.00 1146.61 58.942496 52.0806 1.54894 13.0544 1.46783 0.0712559 11.5932 0.268246 6.23136 0.0083958 0 10.2212 2.83685 0.0747537 0.110277 0.424142 0.00848284
46 250.00 1145.61 58.361818 52.0998 1.56278 13.0234 1.47441 0.0719649 11.6555 0.270426 6.186 0.00837257 0 10.1749 2.84882 0.0754023 0.111374 0.428362 0.00856724
47 250.00 1144.61 57.791932 52.1188 1.57663 12.9923 1.48096 0.0726745 11.7175 0.272603 6.14088 0.00834989 0 10.1289 2.86069 0.0760503 0.112472 0.432586 0.00865173
48 250.00 1143.61 57.232503 52.1376 1.59048 12.9613 1.48747 0.0733849 11.7791 0.27478 6.09599 0.00832782 0 10.0834 2.87245 0.0766978 0.113572 0.436815 0.00873629
49 250.00 1142.61 56.683211 52.1562 1.60433 12.9302 1.49395 0.074096 11.8403 0.276955 6.05133 0.00830638 0 10.0382 2.8841 0.0773447 0.114672 0.441048 0.00882095
50 250.00 1141.61 56.143744 52.1747 1.61819 12.8992 1.5004 0.074808 11.9012 0.279129 6.00691 0.00828561 0 9.99352 2.89566 0.0779913 0.115774 0.445286 0.00890571
51 250.00 1140.61 55.613801 52.193 1.63205 12.8682 1.50681 0.0755208 11.9618 0.281303 5.96271 0.00826557 0 9.94921 2.90711 0.0786374 0.116877 0.449529 0.00899057
52 250.00 1139.61 55.093087 52.2111 1.64593 12.8373 1.5132 0.0762346 12.022 0.283478 5.91873 0.00824631 0 9.90531 2.91846 0.0792833 0.117982 0.453777 0.00907555
53 250.00 1138.61 54.566635 52.2359 1.6596 12.8075 1.51934 0.0722992 12.0793 0.285742 5.87325 0.00823236 0 9.86184 2.93053 0.0799507 0.11912 0.458155 0.00916311
54 250.00 1137.61 54.059381 52.2557 1.67343 12.777 1.52561 0.0716381 12.138 0.287946 5.82919 0.00821622 0 9.81875 2.94194 0.0806028 0.120238 0.462454 0.00924909
55 250.00 1136.61 53.560551 52.2753 1.68727 12.7464 1.53184 0.0709669 12.1964 0.290155 5.78535 0.00820114 0 9.77605 2.95327 0.0812551 0.121358 0.466761 0.00933523
56 250.00 1135.61 53.069868 52.2947 1.70113 12.7159 1.53805 0.0702853 12.2545 0.292368 5.7417 0.00818726 0 9.73375 2.96451 0.0819075 0.12248 0.471077 0.00942154
57 250.00 1134.61 52.587054 52.314 1.71499 12.6854 1.54423 0.0695932 12.3122 0.294588 5.69826 0.00817474 0 9.69184 2.97568 0.0825602 0.123605 0.475402 0.00950804
58 250.00 1133.61 52.111825 52.3329 1.72888 12.655 1.55039 0.0688903 12.3696 0.296815 5.65503 0.00816378 0 9.65032 2.98678 0.0832134 0.124732 0.479738 0.00959475
59 250.00 1132.61 52.111875 52.3329 1.72888 12.6549 1.55135 0.0688902 12.3687 0.296815 5.65502 0.00816377 0 9.65031 2.98678 0.0832133 0.124732 0.479737 0.00959474
60 250.00 1131.61 51.180236 52.3697 1.75679 12.5941 1.56265 0.0674518 12.4834 0.301328 5.56924 0.00815044 0 9.56863 3.00875 0.0845247 0.127002 0.48847 0.0097694
61 250.00 1130.61 50.725931 52.3878 1.77076 12.5637 1.56876 0.0667145 12.54 0.303598 5.5266 0.00814622 0 9.52828 3.01966 0.0851806 0.12814 0.492845 0.00985689
62 250.00 1129.61 50.277789 52.4054 1.78478 12.5333 1.57486 0.0659649 12.5964 0.305893 5.48417 0.00814564 0 9.48833 3.03053 0.0858382 0.129282 0.497237 0.00994475
63 250.00 1128.61 49.835070 52.4223 1.79886 12.5029 1.58097 0.0652022 12.6526 0.308227 5.44195 0.00815055 0 9.44879 3.04138 0.0864984 0.13043 0.501655 0.0100331
64 250.00 1127.61 49.395555 52.4285 1.81398 12.457 1.58805 0.0646961 12.7033 0.310976 5.40525 0.00822406 0 9.43524 3.04984 0.0871445 0.131591 0.506118 0.0101224
65 250.00 1126.61 48.559300 52.4396 1.84322 12.4119 1.59905 0.0636779 12.7736 0.31635 5.29253 0.0083691 0 9.43111 3.07312 0.0884529 0.133857 0.514834 0.0102967
66 250.00 1125.61 48.118978 52.4468 1.85912 12.3619 1.60664 0.063053 12.8251 0.319245 5.25147 0.00844569 0 9.42193 3.08222 0.0891355 0.135082 0.519546 0.0103909
67 250.00 1124.61 47.685806 52.4539 1.87502 12.3123 1.61419 0.0624125 12.8763 0.322145 5.21052 0.00852241 0 9.41252 3.0913 0.0898182 0.136309 0.524265 0.0104853
68 250.00 1123.61 47.254722 52.4619 1.89073 12.2697 1.6214 0.0616839 12.93 0.325084 5.16834 0.00860015 0 9.39341 3.10143 0.0905166 0.137552 0.529048 0.010581
69 250.00 1122.61 46.825951 52.471 1.90622 12.2343 1.62824 0.0608623 12.9862 0.32806 5.12497 0.0086789 0 9.36416 3.11264 0.0912308 0.138812 0.533892 0.0106778
70 250.00 1121.61 46.404776 52.4801 1.92168 12.199 1.63506 0.0600248 13.0421 0.331038 5.08188 0.00875767 0 9.33508 3.12376 0.091944 0.140072 0.538738 0.0107748
71 250.00 1120.61 45.990979 52.4892 1.9371 12.1638 1.64184 0.0591705 13.0976 0.334016 5.03907 0.00883647 0 9.30618 3.13479 0.0926562 0.141332 0.543585 0.0108717
72 250.00 1119.61 45.584349 52.4983 1.95248 12.1286 1.64858 0.0582985 13.1527 0.336996 4.99653 0.00891529 0 9.27744 3.14574 0.0933675 0.142593 0.548434 0.0109687
73 250.00 1118.61 45.184680 52.5074 1.96782 12.0936 1.65529 0.0574077 13.2075 0.339977 4.95426 0.00899415 0 9.24888 3.15661 0.0940779 0.143854 0.553285 0.0110657
74 250.00 1117.61 44.791772 52.5166 1.98312 12.0586 1.66197 0.0564971 13.2618 0.342959 4.91226 0.00907305 0 9.22047 3.1674 0.0947874 0.145116 0.558138 0.0111628
75 250.00 1116.61 44.405432 52.5258 1.99837 12.0238 1.66861 0.0555654 13.3158 0.345943 4.87052 0.00915198 0 9.19223 3.17811 0.0954962 0.146378 0.562994 0.0112599
76 250.00 1115.61 44.025470 52.535 2.01358 11.989 1.67522 0.054611 13.3694 0.348928 4.82903 0.00923097 0 9.16415 3.18874 0.0962042 0.147642 0.567853 0.0113571
77 250.00 1114.61 43.651701 52.5444 2.02874 11.9543 1.6818 0.0536324 13.4227 0.351916 4.78779 0.00931001 0 9.13623 3.1993 0.0969116 0.148906 0.572715 0.0114543
78 250.00 1113.61 43.283941 52.5538 2.04385 11.9197 1.68834 0.0526277 13.4755 0.354906 4.74679 0.00938911 0 9.10846 3.20979 0.0976184 0.150171 0.577581 0.0115516
79 250.00 1112.61 42.922013 52.5633 2.0589 11.8851 1.69484 0.051595 13.528 0.357899 4.70603 0.00946828 0 9.08083 3.22021 0.0983247 0.151437 0.582452 0.011649
80 250.00 1111.61 42.565738 52.5729 2.07389 11.8507 1.70131 0.0505322 13.58 0.360894 4.66551 0.00954753 0 9.05336 3.23056 0.0990306 0.152705 0.587327 0.0117465
81 250.00 1110.61 42.214942 52.5826 2.08881 11.8164 1.70775 0.0494367 13.6316 0.363893 4.62521 0.00962687 0 9.02603 3.24085 0.0997362 0.153974 0.592207 0.0118441
82 250.00 1109.61 41.869450 52.5925 2.10366 11.7822 1.71415 0.048306 13.6828 0.366896 4.58514 0.00970631 0 8.99884 3.25109 0.100442 0.155244 0.597094 0.0119419
83 250.00 1108.61 41.529087 52.6026 2.11843 11.748 1.72051 0.0471373 13.7336 0.369903 4.54528 0.00978586 0 8.97178 3.26127 0.101147 0.156517 0.601988 0.0120398
84 250.00 1107.61 41.193680 52.6129 2.13311 11.714 1.72684 0.0459279 13.784 0.372915 4.50562 0.00986554 0 8.94486 3.27139 0.101852 0.157791 0.606889 0.0121378
85 250.00 1106.61 40.863053 52.6234 2.14768 11.6801 1.73312 0.0446746 13.8338 0.375932 4.46616 0.00994536 0 8.91806 3.28147 0.102558 0.159068 0.6118 0.012236
86 250.00 1105.61 40.537030 52.6342 2.16215 11.6463 1.73937 0.0433747 13.8832 0.378956 4.42688 0.0100253 0 8.89139 3.29151 0.103264 0.160347 0.61672 0.0123344
87 250.00 1104.61 40.215435 52.6453 2.17648 11.6126 1.74557 0.0420256 13.9321 0.381986 4.38779 0.0101055 0 8.86483 3.30152 0.103971 0.161629 0.621652 0.012433
88 250.00 1103.61 39.898091 52.6568 2.19067 11.579 1.75173 0.0406249 13.9805 0.385024 4.34887 0.0101859 0 8.83837 3.31149 0.104679 0.162915 0.626596 0.0125319
89 250.00 1102.61 39.584821 52.6687 2.20471 11.5455 1.75785 0.039171 14.0284 0.388071 4.31011 0.0102665 0 8.81203 3.32144 0.105388 0.164204 0.631555 0.0126311
90 250.00 1101.61 39.275451 52.6811 2.21856 11.5122 1.76392 0.0376631 14.0756 0.391128 4.27149 0.0103474 0 8.78577 3.33138 0.106098 0.165498 0.63653 0.0127306
91 250.00 1100.61 38.969808 52.6939 2.23222 11.479 1.76993 0.036101 14.1223 0.394196 4.23302 0.0104285 0 8.75961 3.3413 0.10681 0.166796 0.641522 0.0128304
92 250.00 1099.61 38.667722 52.7074 2.24565 11.4459 1.7759 0.0344861 14.1684 0.397276 4.19468 0.01051 0 8.73352 3.35122 0.107524 0.168099 0.646534 0.0129307
93 250.00 1098.61 38.369030 52.7214 2.25884 11.413 1.78181 0.0328205 14.2138 0.400368 4.15646 0.0105918 0 8.7075 3.36114 0.10824 0.169407 0.651567 0.0130313
94 250.00 1097.61 38.073573 52.7361 2.27177 11.3802 1.78767 0.031108 14.2585 0.403475 4.11834 0.010674 0 8.68155 3.37107 0.108958 0.170722 0.656623 0.0131325
95 250.00 1096.61 37.780288 52.7517 2.28444 11.3476 1.79348 0.0293468 14.3027 0.406607 4.08018 0.0107569 0 8.65565 3.38106 0.109682 0.172047 0.66169 0.0130506
96 250.00 1095.61 37.490132 52.7681 2.29679 11.3151 1.79922 0.0275506 14.346 0.409754 4.04213 0.0108401 0 8.62979 3.39107 0.110408 0.173379 0.666787 0.0130074
97 250.00 1094.61 37.202767 52.7853 2.30879 11.2828 1.8049 0.0257253 14.3886 0.412919 4.00418 0.0109239 0 8.60397 3.40111 0.111138 0.174718 0.671911 0.0129631
98 250.00 1093.61 36.918061 52.8034 2.32043 11.2506 1.81052 0.0238791 14.4304 0.416104 3.96629 0.0110081 0 8.57818 3.41118 0.111872 0.176066 0.677066 0.0129176
99 250.00 1092.61 36.635888 52.8225 2.33167 11.2186 1.81607 0.0220215 14.4714 0.419308 3.92848 0.0110929 0 8.5524 3.4213 0.112609 0.177422 0.682253 0.0128709
100 250.00 1091.61 36.356133 52.8425 2.34249 11.1868 1.82154 0.0201626 14.5115 0.422535 3.89074 0.0111782 0 8.52663 3.43146 0.113351 0.178787 0.687474 0.012823
101 250.00 1090.61 36.078685 52.8636 2.35286 11.1551 1.82694 0.0183133 14.5508 0.425784 3.85305 0.0112642 0 8.50085 3.44168 0.114098 0.180162 0.69273 0.0127739
102 250.00 1089.61 35.803444 52.8858 2.36277 11.1235 1.83227 0.0164853 14.5891 0.429058 3.81542 0.0113508 0 8.47507 3.45196 0.114849 0.181547 0.698024 0.0127234
103 250.00 1088.61 35.530313 52.9091 2.37217 11.0921 1.83752 0.0146906 14.6266 0.432356 3.77784 0.0114381 0 8.44927 3.4623 0.115606 0.182942 0.703356 0.0126717
104 250.00 1087.61 35.259204 52.9336 2.38106 11.0609 1.84269 0.0129419 14.663 0.43568 3.74031 0.011526 0 8.42345 3.47271 0.116368 0.184349 0.70873 0.0126187
105 250.00 1086.61 34.990034 52.9594 2.3894 11.0298 1.84778 0.0112519 14.6985 0.439032 3.70282 0.0116147 0 8.39759 3.48319 0.117135 0.185767 0.714146 0.0125643
106 250.00 1085.61 34.722722 52.9863 2.39717 10.9989 1.85279 0.00963365 14.733 0.442412 3.66537 0.0117041 0 8.37169 3.49375 0.117909 0.187197 0.719607 0.0125085
107 250.00 1084.61 34.457192 53.0146 2.40435 10.9681 1.8577 0.00810012 14.7665 0.445821 3.62797 0.0117943 0 8.34574 3.5044 0.118688 0.18864 0.725113 0.0124514
108 250.00 1083.61 34.193365 53.0443 2.4109 10.9375 1.86253 0.00666424 14.7989 0.449261 3.5906 0.0118853 0 8.31973 3.51513 0.119475 0.190095 0.730668 0.0123929
109 250.00 1082.61 33.931154 53.0754 2.4168 10.9071 1.86727 0.00533871 14.8302 0.452733 3.55326 0.0119771 0 8.29366 3.52596 0.120267 0.191564 0.736272 0.0123329
110 250.00 1081.61 33.670460 53.1079 2.42202 10.8767 1.87192 0.00413587 14.8603 0.456238 3.51595 0.0120699 0 8.26751 3.53688 0.121067 0.193048 0.741928 0.0122715
111 250.00 1080.61 33.411152 53.142 2.42651 10.8466 1.87646 0.00306756 14.8893 0.459779 3.47866 0.0121635 0 8.24127 3.54792 0.121875 0.194546 0.747641 0.0122087
112 250.00 1079.61 33.153041 53.1779 2.4302 10.8165 1.8809 0.00214499 14.917 0.463358 3.44138 0.0122582 0 8.21493 3.55909 0.122691 0.19606 0.753414 0.0121442
113 250.00 1078.61 32.895815 53.2157 2.43301 10.7867 1.88522 0.00137849 14.9433 0.466982 3.40407 0.0123541 0 8.18846 3.5704 0.123516 0.197594 0.759255 0.0120781
114 250.00 1077.61 32.638884 53.2559 2.43474 10.757 1.8894 0.000777244 14.968 0.470658 3.36668 0.0124513 0 8.16181 3.58191 0.124353 0.199149 0.76518 0.0120101
115 250.00 1076.61 32.380890 53.2995 2.43499 10.7277 1.89339 0.000348554 14.9904 0.474408 3.32906 0.0125505 0 8.13488 3.59373 0.125208 0.200736 0.771222 0.0119396
116 250.00 1075.61 32.117646 53.3497 2.43249 10.6988 1.89703 9.58164e-05 15.0089 0.478296 3.29076 0.0126534 0 8.10731 3.6062 0.126095 0.202381 0.777484 0.0118649
117 250.00 1074.61 31.829301 53.4216 2.42127 10.6716 1.89958 6.54056e-06 15.0149 0.482629 3.24962 0.012768 0 8.07751 3.62093 0.12709 0.204214 0.78446 0.0117773
118 250.00 1073.61 31.473102 53.5487 2.38813 10.6486 1.89939 0 14.9899 0.488091 3.20093 0.0129125 0 8.04198 3.64153 0.128361 0.206526 0.793251 0.0116584
119 250.00 1072.61 31.088279 53.7038 2.34408 10.6274 1.89777 0 14.9487 0.494133 3.14886 0.0130724 0 8.00374 3.66502 0.129773 0.209082 0.802972 0.0115241
120 250.00 1071.61 30.715022 53.8567 2.30113 10.6057 1.89621 0 14.9081 0.500138 3.09778 0.0132312 0 7.96606 3.68815 0.131174 0.211623 0.812628 0.0113919
121 250.00 1070.61 30.352781 54.0075 2.25925 10.5834 1.8947 0 14.868 0.506106 3.04764 0.0133891 0 7.92891 3.71092 0.132563 0.214148 0.822222 0.0112615
122 250.00 1069.61 30.001039 54.1561 2.21839 10.5606 1.89324 0 14.8285 0.51204 2.99844 0.0135461 0 7.89228 3.73336 0.133941 0.216659 0.831755 0.011133
123 250.00 1068.61 29.659310 54.3027 2.17852 10.5374 1.89183 0 14.7895 0.51794 2.95013 0.0137022 0 7.85615 3.75546 0.135309 0.219155 0.841229 0.0110062
124 250.00 1067.61 29.327138 54.4474 2.13959 10.5136 1.89048 0 14.751 0.523806 2.90269 0.0138574 0 7.82052 3.77724 0.136667 0.221638 0.850645 0.0108811
125 250.00 1066.61 29.004096 54.5901 2.10159 10.4895 1.88916 0 14.7129 0.52964 2.85609 0.0140117 0 7.78537 3.7987 0.138015 0.224106 0.860004 0.0107576
126 250.00 1065.61 28.689780 54.7311 2.06446 10.4649 1.8879 0 14.6753 0.535443 2.81032 0.0141652 0 7.75069 3.81986 0.139353 0.226562 0.869307 0.0106356
127 250.00 1064.61 28.383810 54.8702 2.0282 10.4399 1.88667 0 14.6382 0.541215 2.76534 0.0143179 0 7.71646 3.84071 0.140681 0.229004 0.878557 0.0105151
128 250.00 1063.61 28.085830 55.0077 1.99275 10.4146 1.88548 0 14.6014 0.546957 2.72113 0.0144699 0 7.68269 3.86128 0.142 0.231433 0.887754 0.010396
129 250.00 1062.61 27.795500 55.1434 1.95811 10.3889 1.88433 0 14.5651 0.55267 2.67768 0.014621 0 7.64934 3.88156 0.14331 0.233851 0.896899 0.0102782
130 250.00 1061.61 27.512502 55.2776 1.92423 10.3628 1.88322 0 14.5291 0.558355 2.63495 0.0147714 0 7.61643 3.90156 0.144612 0.236256 0.905994 0.0101618
131 250.00 1060.61 27.236535 55.4102 1.8911 10.3364 1.88214 0 14.4934 0.564012 2.59294 0.0149211 0 7.58392 3.92129 0.145904 0.23865 0.91504 0.0100467
132 250.00 1059.61 26.967315 55.5412 1.85869 10.3097 1.8811 0 14.4581 0.569643 2.55161 0.01507 0 7.55183 3.94076 0.147189 0.241033 0.924037 0.00993278
133 250.00 1058.61 26.704572 55.6708 1.82698 10.2827 1.88008 0 14.4232 0.575248 2.51097 0.0152183 0 7.52013 3.95998 0.148465 0.243404 0.932987 0.00982004
134 250.00 1057.61 26.448050 55.799 1.79594 10.2555 1.8791 0 14.3885 0.580827 2.47097 0.0153659 0 7.48882 3.97894 0.149733 0.245765 0.941891 0.00970845
135 250.00 1056.61 26.197509 55.9257 1.76556 10.2279 1.87814 0 14.3541 0.586382 2.43162 0.0155128 0 7.45788 3.99766 0.150993 0.248115 0.950751 0.00959795
136 250.00 1055.61 25.952718 56.0512 1.73581 10.2001 1.87721 0 14.32 0.591913 2.39288 0.0156592 0 7.42732 4.01614 0.152246 0.250455 0.959566 0.00948853
137 250.00 1054.61 25.713460 56.1753 1.70668 10.1721 1.8763 0 14.2862 0.59742 2.35476 0.0158049 0 7.39711 4.03439 0.153492 0.252786 0.968338 0.00938013
138 250.00 1053.61 25.479528 56.2981 1.67815 10.1438 1.87542 0 14.2526 0.602905 2.31723 0.01595 0 7.36727 4.05241 0.15473 0.255107 0.977068 0.00927273
139 250.00 1052.61 25.250726 56.4197 1.65019 10.1152 1.87456 0 14.2192 0.608368 2.28027 0.0160945 0 7.33776 4.0702 0.155962 0.257418 0.985756 0.0091663
140 250.00 1051.61 25.026866 56.5402 1.6228 10.0865 1.87372 0 14.1861 0.61381 2.24388 0.0162385 0 7.3086 4.08779 0.157186 0.259721 0.994405 0.00906081
141 250.00 1050.61 24.807773 56.6594 1.59595 10.0576 1.8729 0 14.1532 0.619231 2.20803 0.0163819 0 7.27977 4.10516 0.158404 0.262015 1.00301 0.00895622
142 250.00 1049.61 24.593275 56.7775 1.56964 10.0284 1.8721 0 14.1205 0.624632 2.17273 0.0165248 0 7.25126 4.12232 0.159615 0.2643 1.01158 0.00885252
143 250.00 1048.61 24.383212 56.8946 1.54383 9.99912 1.87132 0 14.0879 0.630013 2.13794 0.0166671 0 7.22307 4.13928 0.16082 0.266577 1.02012 0.00874968
144 250.00 1047.61 24.177430 57.0105 1.51853 9.96961 1.87055 0 14.0556 0.635375 2.10368 0.016809 0 7.1952 4.15604 0.162019 0.268846 1.02861 0.00864767
145 250.00 1046.61 23.975783 57.1254 1.49372 9.93994 1.8698 0 14.0234 0.640719 2.06991 0.0169503 0 7.16763 4.17262 0.163212 0.271107 1.03707 0.00854647
146 250.00 1045.61 23.778131 57.2393 1.46938 9.9101 1.86907 0 13.9913 0.646045 2.03663 0.0170912 0 7.14035 4.189 0.164399 0.27336 1.04549 0.00844606
147 250.00 1044.61 23.584339 57.3522 1.4455 9.88011 1.86834 0 13.9594 0.651353 2.00383 0.0172317 0 7.11337 4.2052 0.16558 0.275607 1.05388 0.00834642
148 250.00 1043.61 23.394281 57.4642 1.42207 9.84996 1.86763 0 13.9277 0.656645 1.9715 0.0173717 0 7.08668 4.22122 0.166756 0.277846 1.06223 0.00824753
149 250.00 1042.61 23.207834 57.5752 1.39908 9.81968 1.86693 0 13.896 0.66192 1.93963 0.0175112 0 7.06027 4.23706 0.167926 0.280078 1.07055 0.00814936
150 250.00 1041.61 23.024881 57.6853 1.37652 9.78926 1.86624 0 13.8645 0.66718 1.90821 0.0176504 0 7.03414 4.25273 0.169091 0.282303 1.07884 0.00805191
151 250.00 1040.61 23.003355 57.704 1.37627 9.78589 1.86694 0 13.8493 0.666111 1.90222 0.0174853 0 7.03783 4.25435 0.169226 0.282567 1.07983 0.00804581
152 250.00 1039.61 22.539536 58.0633 1.3533 9.69454 1.85431 0 13.6329 0.656676 1.80221 0.0156622 0 7.06848 4.28885 0.172191 0.288382 1.10144 0.00777013
153 250.00 1038.61 22.374970 58.1913 1.33923 9.64662 1.8521 0 13.5696 0.655141 1.77656 0.0151968 0 7.07472 4.2988 0.173246 0.290503 1.10931 0.00768106
154 250.00 1037.61 22.212745 58.3192 1.32536 9.59883 1.84981 0 13.5059 0.653557 1.75116 0.0147461 0 7.08104 4.30873 0.174301 0.292625 1.11719 0.00759241
155 250.00 1036.61 22.052821 58.4469 1.31169 9.55119 1.84744 0 13.4418 0.651928 1.72603 0.0143096 0 7.08744 4.31865 0.175356 0.294747 1.12505 0.00750418
156 250.00 1035.61 21.802891 58.6206 1.27959 9.55878 1.84152 0 13.385 0.65963 1.66228 0.0144932 0 7.00495 4.35289 0.177234 0.298126 1.13752 0.00734552
157 250.00 1034.61 21.656930 58.7259 1.25744 9.5324 1.84041 0 13.3588 0.664076 1.63922 0.0145909 0 6.96967 4.36688 0.178284 0.300135 1.14494 0.00726264
158 250.00 1033.61 21.513345 58.8302 1.2357 9.50593 1.83933 0 13.3328 0.668508 1.61644 0.0146883 0 6.93469 4.38071 0.17933 0.302138 1.15233 0.00718028
159 250.00 1032.61 21.372061 58.9337 1.21436 9.47938 1.83827 0 13.3069 0.672927 1.59394 0.0147854 0 6.9 4.39439 0.180371 0.304135 1.15968 0.00709842
160 250.00 1031.61 21.233005 59.0364 1.19342 9.45275 1.83723 0 13.2812 0.677334 1.57171 0.0148822 0 6.86559 4.40793 0.181407 0.306127 1.16701 0.00701705
161 250.00 1030.61 21.096108 59.1382 1.17285 9.42605 1.8362 0 13.2557 0.681729 1.54975 0.0149788 0 6.83148 4.42131 0.18244 0.308114 1.17431 0.00693615
162 250.00 1029.61 20.961302 59.2392 1.15266 9.39928 1.8352 0 13.2302 0.686114 1.52804 0.0150751 0 6.79764 4.43456 0.183468 0.310095 1.18158 0.0068557
163 250.00 1028.61 20.628372 59.5476 1.14959 9.35411 1.81887 0 12.9984 0.671906 1.4381 0.013456 0 6.83176 4.4686 0.186054 0.3151 1.19988 0.00662443
164 250.00 1027.61 20.486009 59.6751 1.13788 9.30754 1.81576 0 12.9308 0.669728 1.41576 0.0130615 0 6.83701 4.47852 0.187136 0.31729 1.20789 0.0065373
165 250.00 1026.61 20.345618 59.8025 1.12635 9.26109 1.81258 0 12.8628 0.667515 1.39368 0.0126798 0 6.84233 4.48841 0.188217 0.319479 1.21589 0.00645067
166 250.00 1025.61 20.207167 59.9297 1.11498 9.21476 1.80932 0 12.7947 0.665268 1.37187 0.0123104 0 6.84771 4.49826 0.189297 0.321668 1.22387 0.00636454
167 250.00 1024.61 20.070634 60.0566 1.10378 9.16854 1.806 0 12.7262 0.662988 1.35033 0.0119529 0 6.85314 4.50808 0.190376 0.323856 1.23183 0.00627923
168 250.00 1023.61 19.935964 60.1834 1.09274 9.12243 1.80259 0 12.6575 0.660675 1.32905 0.0116068 0 6.85863 4.51787 0.191455 0.326044 1.23978 0.00619386
169 250.00 1022.61 19.935997 60.1833 1.09274 9.12241 1.80424 0 12.656 0.660674 1.32905 0.0116068 0 6.85862 4.51786 0.191454 0.326043 1.23978 0.00619385
170 250.00 1021.61 19.619637 60.4561 1.05507 9.08301 1.79416 0 12.5491 0.667083 1.25908 0.0115354 0 6.77663 4.55795 0.19423 0.331301 1.25876 0.00597564
171 250.00 1020.61 19.479936 60.5862 1.04139 9.04781 1.79029 0 12.4859 0.666909 1.23302 0.0113231 0 6.76293 4.57183 0.195436 0.333677 1.26733 0.00588163
172 250.00 1019.61 19.342222 60.7161 1.02797 9.01253 1.78636 0 12.4225 0.666671 1.20735 0.0111141 0 6.74943 4.58561 0.196641 0.336052 1.27587 0.00578821
173 250.00 1018.61 19.206453 60.8456 1.01479 8.97716 1.78238 0 12.3589 0.666369 1.18209 0.0109084 0 6.73612 4.59929 0.197845 0.338428 1.2844 0.00569537
174 250.00 1017.61 19.072591 60.9749 1.00186 8.94172 1.77833 0 12.295 0.666007 1.15722 0.010706 0 6.72301 4.61288 0.199048 0.340803 1.2929 0.00560313
175 250.00 1016.61 18.940595 61.104 0.989169 8.9062 1.77423 0 12.2308 0.665586 1.13274 0.010507 0 6.71007 4.62638 0.200249 0.343178 1.30138 0.0055115
176 250.00 1015.61 18.810428 61.2327 0.97671 8.8706 1.77007 0 12.1665 0.665107 1.10864 0.0103114 0 6.69732 4.63978 0.201449 0.345553 1.30984 0.00542047
177 250.00 1014.61 18.682052 61.3612 0.964479 8.83493 1.76585 0 12.1019 0.664573 1.08493 0.0101192 0 6.68474 4.65309 0.202647 0.347927 1.31827 0.00533007
178 250.00 1013.61 18.555433 61.4895 0.952471 8.7992 1.76158 0 12.0371 0.663984 1.06159 0.0099304 0 6.67232 4.66632 0.203844 0.350302 1.32668 0.00524028
179 250.00 1012.61 18.430535 61.6174 0.940681 8.7634 1.75724 0 11.9721 0.663344 1.03862 0.00974499 0 6.66006 4.67945 0.20504 0.352676 1.33506 0.00515114
180 250.00 1011.61 18.307325 61.7451 0.929103 8.72753 1.75286 0 11.9069 0.662653 1.01603 0.00956298 0 6.64796 4.69249 0.206234 0.355049 1.34342 0.00506264
181 250.00 1010.61 18.185770 61.8725 0.917734 8.69161 1.74841 0 11.8416 0.661913 0.993797 0.00938436 0 6.63601 4.70545 0.207427 0.357422 1.35175 0.00497479
182 250.00 1009.61 18.065838 61.9997 0.906569 8.65563 1.74391 0 11.7761 0.661126 0.971926 0.00920911 0 6.62421 4.71832 0.208618 0.359795 1.36005 0.00488761
183 250.00 1008.61 17.947499 62.1266 0.895603 8.61959 1.73936 0 11.7104 0.660293 0.950411 0.00903722 0 6.61255 4.7311 0.209809 0.362167 1.36832 0.0048011
184 250.00 1007.61 17.830721 62.2532 0.884831 8.5835 1.73475 0 11.6446 0.659417 0.929248 0.00886865 0 6.60102 4.74379 0.210998 0.364539 1.37656 0.00471529
185 250.00 1006.61 17.715474 62.3795 0.87425 8.54736 1.73009 0 11.5787 0.658498 0.908433 0.00870339 0 6.58962 4.7564 0.212185 0.366911 1.38477 0.00463017
186 250.00 1005.61 17.601731 62.5055 0.863856 8.51117 1.72537 0 11.5126 0.657539 0.887962 0.00854141 0 6.57834 4.76893 0.213371 0.369282 1.39295 0.00454576
187 250.00 1004.61 17.489463 62.6313 0.853644 8.47493 1.72061 0 11.4464 0.65654 0.86783 0.00838267 0 6.56719 4.78137 0.214556 0.371652 1.40109 0.00446208
188 250.00 1003.61 17.378641 62.7568 0.843611 8.43865 1.71579 0 11.3801 0.655503 0.848033 0.00822714 0 6.55616 4.79373 0.215739 0.374022 1.40919 0.00437914
189 250.00 1002.61 17.269239 62.8821 0.833753 8.40232 1.71091 0 11.3138 0.65443 0.828567 0.00807478 0 6.54523 4.806 0.216922 0.376392 1.41726 0.00429695
190 250.00 1001.61 17.161230 63.007 0.824065 8.36595 1.70599 0 11.2473 0.653323 0.809428 0.00792555 0 6.53442 4.81819 0.218102 0.378761 1.42529 0.00421552
191 250.00 1000.61 17.054588 63.1317 0.814545 8.32955 1.70102 0 11.1808 0.652182 0.790612 0.00777942 0 6.5237 4.8303 0.219282 0.381129 1.43328 0.00413488
192 250.00 999.61 16.949289 63.2561 0.80519 8.2931 1.69599 0 11.1142 0.651009 0.772115 0.00763634 0 6.51309 4.84233 0.22046 0.383497 1.44123 0.00405503
193 250.00 998.61 16.845306 63.3802 0.795995 8.25662 1.69092 0 11.0475 0.649805 0.753932 0.00749626 0 6.50257 4.85428 0.221636 0.385864 1.44914 0.00397599
194 250.00 997.61 16.742617 63.5041 0.786957 8.22011 1.6858 0 10.9808 0.648572 0.73606 0.00735915 0 6.49214 4.86615 0.222812 0.388231 1.457 0.00389778
195 250.00 996.61 16.641196 63.6276 0.778073 8.18356 1.68063 0 10.9141 0.647311 0.718494 0.00722494 0 6.4818 4.87794 0.223986 0.390597 1.46482 0.00382041
196 250.00 995.61 16.541021 63.7509 0.76934 8.14697 1.67541 0 10.8474 0.646023 0.701231 0.00709361 0 6.47155 4.88965 0.225158 0.392962 1.47259 0.00374391
197 250.00 994.61 16.442069 63.8739 0.760755 8.11036 1.67014 0 10.7806 0.64471 0.684266 0.0069651 0 6.46137 4.90128 0.22633 0.395327 1.48031 0.00366827
198 250.00 993.61 16.442097 63.8738 0.760754 8.11035 1.67181 0 10.7791 0.644709 0.684265 0.00696509 0 6.46136 4.90128 0.226329 0.395327 1.48031 0.00366827
199 250.00 992.61 16.247242 64.1197 0.744043 8.03719 1.65938 0 10.6463 0.641994 0.651309 0.00671868 0 6.44109 4.92439 0.228674 0.400068 1.49564 0.00351922
200 250.00 991.61 16.151832 64.2419 0.735884 8.00049 1.65398 0 10.5795 0.640612 0.635216 0.00659829 0 6.43113 4.93579 0.229842 0.402431 1.50321 0.00344643
201 250.00 990.61 16.057558 64.3638 0.727861 7.96376 1.64854 0 10.5127 0.63921 0.619405 0.00648054 0 6.42123 4.94711 0.231008 0.404794 1.51072 0.00337438
202 250.00 989.61 15.964401 64.4854 0.719972 7.92701 1.64305 0 10.446 0.637787 0.603873 0.00636536 0 6.4114 4.95836 0.232172 0.407156 1.51818 0.00330339
203 250.00 988.61 15.872339 64.6068 0.712214 7.89023 1.63751 0 10.3792 0.636347 0.588616 0.00625271 0 6.40162 4.96953 0.233336 0.409517 1.52558 0.00323339
204 250.00 987.61 15.781354 64.7278 0.704585 7.85343 1.63194 0 10.3126 0.634889 0.573631 0.00614254 0 6.39191 4.98063 0.234498 0.411878 1.53292 0.00316439
205 250.00 986.61 15.691427 64.8486 0.697081 7.8166 1.62632 0 10.2459 0.633415 0.558914 0.0060348 0 6.38224 4.99165 0.235659 0.414239 1.5402 0.0030964
206 250.00 985.61 15.602539 64.9692 0.689701 7.77975 1.62067 0 10.1793 0.631925 0.544461 0.00592945 0 6.37262 5.0026 0.236818 0.416599 1.54741 0.00302945
207 250.00 984.61 15.514671 65.0894 0.682443 7.74289 1.61497 0 10.1128 0.630421 0.530269 0.00582642 0 6.36305 5.01348 0.237977 0.418958 1.55457 0.00296355
208 250.00 983.61 15.428004 65.2091 0.675295 7.70602 1.60926 0 10.0465 0.62892 0.516387 0.00572628 0 6.35352 5.02424 0.239131 0.421312 1.56164 0.00289958
209 250.00 982.61 15.341928 65.3291 0.66828 7.6691 1.60345 0 9.97987 0.627373 0.502653 0.00562721 0 6.34404 5.03501 0.24029 0.423676 1.56867 0.00283497
210 250.00 981.61 15.257020 65.4486 0.661371 7.63217 1.59764 0 9.91354 0.625832 0.489222 0.00553091 0 6.33459 5.04567 0.241444 0.426033 1.57562 0.00277233
211 250.00 980.61 15.173066 65.5677 0.654575 7.59523 1.59178 0 9.84729 0.62428 0.476039 0.00543675 0 6.32518 5.05626 0.242597 0.428391 1.5825 0.0027108
212 250.00 979.61 15.090050 65.6866 0.647889 7.55828 1.58589 0 9.78113 0.622719 0.463099 0.0053447 0 6.3158 5.06677 0.24375 0.430747 1.58931 0.00265041
213 250.00 978.61 15.007956 65.8052 0.641311 7.52131 1.57997 0 9.71506 0.621148 0.4504 0.00525471 0 6.30645 5.07722 0.2449 0.433104 1.59604 0.00259115
214 250.00 977.61 14.926771 65.9236 0.634839 7.48433 1.574 0 9.6491 0.61957 0.437939 0.00516673 0 6.29713 5.08759 0.24605 0.435459 1.6027 0.00253306
215 250.00 976.61 14.846479 66.0417 0.628471 7.44734 1.56801 0 9.58324 0.617984 0.425712 0.00508073 0 6.28783 5.0979 0.247198 0.437814 1.60929 0.00247613
216 250.00 975.61 14.767068 66.1595 0.622206 7.41034 1.56197 0 9.5175 0.616392 0.413717 0.00499665 0 6.27856 5.10813 0.248345 0.440169 1.6158 0.00242038
217 250.00 974.61 14.688524 66.277 0.616041 7.37333 1.55591 0 9.45188 0.614794 0.40195 0.00491447 0 6.26931 5.11829 0.249491 0.442522 1.62223 0.00236582
218 250.00 973.61 14.610834 66.3942 0.609974 7.33632 1.54981 0 9.38639 0.613192 0.390409 0.00483413 0 6.26008 5.12839 0.250635 0.444875 1.62858 0.00231244
219 250.00 972.61 14.533987 66.5112 0.604004 7.2993 1.54368 0 9.32102 0.611585 0.379091 0.00475559 0 6.25087 5.13841 0.251778 0.447228 1.63485 0.00226027
220 250.00 971.61 14.457970 66.6278 0.598129 7.26229 1.53751 0 9.25579 0.609975 0.367993 0.00467883 0 6.24167 5.14837 0.252919 0.449579 1.64104 0.00220931
221 250.00 970.61 14.382772 66.7442 0.592346 7.22527 1.53132 0 9.19071 0.608363 0.357112 0.00460379 0 6.23248 5.15825 0.254059 0.45193 1.64715 0.00215955
222 250.00 969.61 14.308383 66.8603 0.586656 7.18826 1.52509 0 9.12578 0.606748 0.346447 0.00453045 0 6.22331 5.16807 0.255198 0.454279 1.65318 0.00211099
223 250.00 968.61 14.234792 66.9762 0.581055 7.15125 1.51884 0 9.06099 0.605133 0.335993 0.00445877 0 6.21415 5.17782 0.256335 0.456628 1.65912 0.00206365
224 250.00 967.61 14.161989 67.0917 0.575542 7.11425 1.51256 0 8.99637 0.603516 0.32575 0.0043887 0 6.20499 5.1875 0.257471 0.458975 1.66499 0.0020175
225 250.00 966.61 14.090124 67.2066 0.570106 7.07728 1.50628 0 8.93214 0.601914 0.315752 0.00432057 0 6.19586 5.19708 0.258602 0.461316 1.67076 0.00197304
226 250.00 965.61 14.018711 67.3218 0.564774 7.04029 1.49991 0 8.86763 0.600284 0.305883 0.00425329 0 6.1867 5.20666 0.259738 0.463666 1.67647 0.0019288
227 250.00 964.61 13.948218 67.4364 0.559515 7.00334 1.49355 0 8.80352 0.59867 0.296254 0.00418788 0 6.17757 5.21613 0.260868 0.466009 1.68208 0.00188623
228 250.00 963.61 13.878478 67.5507 0.554339 6.9664 1.48716 0 8.7396 0.597058 0.286825 0.00412395 0 6.16844 5.22554 0.261997 0.468351 1.68762 0.00184483
229 250.00 962.61 13.809482 67.6647 0.549242 6.92949 1.48074 0 8.67586 0.595448 0.277595 0.00406147 0 6.15931 5.23488 0.263125 0.470691 1.69307 0.00180459
230 250.00 961.61 13.741223 67.7783 0.544224 6.89261 1.4743 0 8.61231 0.593841 0.26856 0.0040004 0 6.15018 5.24415 0.26425 0.473029 1.69844 0.0017655
231 250.00 960.61 13.673693 67.8917 0.539283 6.85576 1.46784 0 8.54896 0.592238 0.259719 0.00394073 0 6.14106 5.25335 0.265374 0.475365 1.70373 0.00172754
232 250.00 959.61 13.606886 68.0046 0.534418 6.81894 1.46136 0 8.48582 0.590638 0.251069 0.00388241 0 6.13193 5.26248 0.266495 0.477699 1.70894 0.0016907
233 250.00 958.61 13.540794 68.1173 0.529628 6.78217 1.45485 0 8.42288 0.589044 0.242608 0.00382542 0 6.1228 5.27154 0.267615 0.480031 1.71407 0.00165496
234 250.00 957.61 13.475410 68.2296 0.52491 6.74543 1.44832 0 8.36016 0.587455 0.234333 0.00376973 0 6.11367 5.28053 0.268732 0.48236 1.71912 0.0016203
235 250.00 956.61 13.410728 68.3415 0.520264 6.70874 1.44178 0 8.29766 0.585871 0.226244 0.00371531 0 6.10454 5.28946 0.269847 0.484687 1.72409 0.00158669
236 250.00 955.61 13.346742 68.4531 0.515688 6.6721 1.43521 0 8.23538 0.584294 0.218337 0.00366213 0 6.09541 5.29832 0.27096 0.48701 1.72899 0.00155413
237 250.00 954.61 13.283444 68.5643 0.511181 6.63552 1.42863 0 8.17332 0.582724 0.210611 0.00361017 0 6.08627 5.3071 0.27207 0.489331 1.73381 0.00152257
238 250.00 953.61 13.220830 68.6751 0.506741 6.59899 1.42203 0 8.11151 0.58116 0.203064 0.00355939 0 6.07713 5.31582 0.273178 0.491648 1.73856 0.00149201
239 250.00 952.61 13.159028 68.7853 0.502357 6.56254 1.41544 0 8.05013 0.579615 0.195722 0.00351 0 6.06801 5.32444 0.274281 0.493957 1.74323 0.0014627
240 250.00 951.61 13.097625 68.8956 0.498059 6.52613 1.40877 0 7.98858 0.578056 0.188496 0.00346129 0 6.05883 5.33305 0.275386 0.496273 1.74784 0.00143377
241 250.00 950.61 13.037023 69.0053 0.493814 6.4898 1.40213 0 7.92749 0.576516 0.181471 0.00341392 0 6.04967 5.34156 0.276486 0.49858 1.75238 0.00140604
242 250.00 949.61 12.977211 69.1143 0.489622 6.45356 1.39549 0 7.86685 0.574996 0.174645 0.00336784 0 6.04054 5.34997 0.277581 0.500878 1.75684 0.00137946
243 250.00 948.61 12.917788 69.2234 0.485511 6.41736 1.38879 0 7.80606 0.573464 0.167931 0.0033224 0 6.03134 5.35837 0.278678 0.503182 1.76124 0.00135324
244 250.00 947.61 12.859144 69.3318 0.481451 6.38126 1.3821 0 7.74574 0.571952 0.16141 0.00327821 0 6.02217 5.36668 0.27977 0.505477 1.76558 0.00132812
245 250.00 946.61 12.801141 69.4398 0.477449 6.34524 1.3754 0 7.68567 0.57045 0.155054 0.00323503 0 6.01299 5.37491 0.280858 0.507767 1.76985 0.00130381
246 250.00 945.61 12.743772 69.5474 0.473505 6.30932 1.36869 0 7.62588 0.568958 0.14886 0.00319284 0 6.0038 5.38307 0.281944 0.510053 1.77405 0.0012803
247 250.00 944.61 12.687033 69.6545 0.469618 6.27348 1.36197 0 7.56635 0.567477 0.142825 0.00315161 0 5.99461 5.39117 0.283026 0.512334 1.7782 0.00125756
248 250.00 943.61 12.554806 69.7096 0.463963 6.22953 1.36028 0 7.52569 0.569893 0.135122 0.00313644 0 5.99192 5.42049 0.285698 0.51773 1.78574 0.00119472
249 250.00 942.61 12.419358 69.7617 0.458287 6.18486 1.35887 0 7.486 0.572566 0.127491 0.00312322 0 5.98957 5.45139 0.288493 0.523376 1.79318 0.00113425
250 250.00 941.61 12.285045 69.8135 0.452693 6.13996 1.35746 0 7.44623 0.575278 0.120045 0.00311053 0 5.98718 5.48267 0.291322 0.529099 1.80034 0.00107826
251 250.00 940.61 12.152035 69.8653 0.44718 6.09488 1.35602 0 7.40637 0.578023 0.112792 0.00309835 0 5.98476 5.5143 0.294182 0.53489 1.80722 0.00102653
252 250.00 939.61 12.020485 69.9168 0.441749 6.04968 1.35456 0 7.36641 0.580795 0.105742 0.00308666 0 5.9823 5.54624 0.297068 0.540744 1.81384 0.000978766
253 250.00 938.61 11.890541 69.9682 0.4364 6.0044 1.35308 0 7.32633 0.583588 0.0989032 0.00307542 0 5.9798 5.57845 0.299978 0.546653 1.82022 0.000934711
254 250.00 937.61 11.762333 70.0194 0.431135 5.9591 1.35155 0 7.28614 0.586398 0.0922835 0.00306463 0 5.97725 5.61089 0.302909 0.552611 1.82638 0.000894085
255 250.00 936.61 11.635972 70.0704 0.425952 5.91383 1.34999 0 7.24581 0.58922 0.0858891 0.00305425 0 5.97466 5.64353 0.305856 0.558613 1.83233 0.000856619
256 250.00 935.61 11.511552 70.1212 0.420852 5.86863 1.34838 0 7.20535 0.592048 0.0797253 0.00304427 0 5.97203 5.67633 0.308817 0.56465 1.8381 0.000822053
257 250.00 934.61 11.389149 70.1719 0.415834 5.82353 1.34672 0 7.16474 0.594878 0.0737964 0.00303465 0 5.96934 5.70927 0.31179 0.570719 1.84368 0.000790143
258 250.00 933.61 11.268821 70.2223 0.410898 5.77858 1.345 0 7.124 0.597706 0.0681057 0.00302539 0 5.96661 5.7423 0.314771 0.576813 1.8491 0.000760656
259 250.00 932.61 11.150611 70.2726 0.406043 5.7338 1.34323 0 7.08311 0.60053 0.0626554 0.00301647 0 5.96381 5.77542 0.317758 0.582928 1.85438 0.00073338
260 250.00 931.61 11.034548 70.3227 0.401269 5.68923 1.34139 0 7.04208 0.603345 0.057447 0.00300785 0 5.96097 5.80858 0.320748 0.589059 1.85952 0.000708118
261 250.00 930.61 10.920645 70.3725 0.396574 5.64488 1.33949 0 7.0009 0.60615 0.0524811 0.00299954 0 5.95807 5.84178 0.323741 0.595203 1.86453 0.00068469
262 250.00 929.61 10.808908 70.4222 0.391958 5.60078 1.33751 0 6.95959 0.608941 0.0477577 0.00299152 0 5.95511 5.87498 0.326734 0.601356 1.86944 0.00066293
263 250.00 928.61 10.699330 70.4717 0.38742 5.55695 1.33547 0 6.91813 0.611717 0.0432762 0.00298376 0 5.95209 5.90819 0.329726 0.607515 1.87423 0.000642691
264 250.00 927.61 10.591897 70.5209 0.382959 5.51341 1.33336 0 6.87654 0.614476 0.0390352 0.00297627 0 5.949 5.94137 0.332716 0.613677 1.87893 0.000623837
265 250.00 926.61 10.486587 70.57 0.378574 5.47016 1.33117 0 6.83481 0.617217 0.0350332 0.00296901 0 5.94586 5.97453 0.335702 0.619839 1.88354 0.000606247
266 250.00 925.61 10.383372 70.6188 0.374264 5.42722 1.32891 0 6.79295 0.619939 0.0312681 0.002962 0 5.94265 6.00765 0.338683 0.626001 1.88807 0.000589809
267 250.00 924.61 10.253659 70.7221 0.374296 5.37992 1.31721 0 6.69062 0.616725 0.0289669 0.00288869 0 5.94461 6.05189 0.342528 0.63392 1.89378 0.000569873