Index,T (C),P (kbars),log(10) f O2,mass (gm),rho (gm/cc),wt% SiO2,wt% TiO2,wt% Al2O3,wt% Fe2O3,wt% Cr2O3,wt% FeO,wt% MnO,wt% MgO,wt% NiO,wt% CoO,wt% CaO,wt% Na2O,wt% K2O,wt% P2O5,wt% H2O,wt% CO2,wt% SO3,wt% Cl2O-1,wt% F2O-1,G (kJ),H (kJ),S (J/K),V (cc),Cp (J/K),tephroite,fayalite,co-olivine,ni-olivine,monticellite,forsterite
3,1188.61,0.250,-9.412,0.5483,3.2892,39.4420,0.0000,0.0000,0.0000,0.0000,16.5855,0.3276,42.9594,0.1516,0.0000,0.5338,0.0000,0.0000,0.0000,0.0000,0.0000,0.0000,0.0000,0.0000,-8.596,-6.660,1.324,0.167,0.678,0.003518,0.175832,0.000000,0.001546,0.014501,0.804604
4,1187.61,0.250,-9.424,0.2415,3.2906,39.4235,0.0000,0.0000,0.0000,0.0000,16.6842,0.3307,42.8784,0.1479,0.0000,0.5354,0.0000,0.0000,0.0000,0.0000,0.0000,0.0000,0.0000,0.0000,-3.783,-2.931,0.583,0.073,0.299,0.003552,0.176960,0.000000,0.001508,0.014551,0.803428
5,1186.61,0.250,-9.435,0.2371,3.2921,39.4049,0.0000,0.0000,0.0000,0.0000,16.7828,0.3338,42.7972,0.1442,0.0000,0.5370,0.0000,0.0000,0.0000,0.0000,0.0000,0.0000,0.0000,0.0000,-3.710,-2.875,0.572,0.072,0.293,0.003587,0.178090,0.000000,0.001472,0.014601,0.802249
6,1185.61,0.250,-9.446,0.2327,3.2935,39.3864,0.0000,0.0000,0.0000,0.0000,16.8815,0.3368,42.7160,0.1407,0.0000,0.5386,0.0000,0.0000,0.0000,0.0000,0.0000,0.0000,0.0000,0.0000,-3.639,-2.820,0.561,0.071,0.287,0.003622,0.179222,0.000000,0.001436,0.014652,0.801068
7,1184.61,0.250,-9.458,0.2285,3.2950,39.3678,0.0000,0.0000,0.0000,0.0000,16.9803,0.3399,42.6346,0.1373,0.0000,0.5402,0.0000,0.0000,0.0000,0.0000,0.0000,0.0000,0.0000,0.0000,-3.570,-2.767,0.551,0.069,0.282,0.003657,0.180356,0.000000,0.001402,0.014703,0.799883
8,1183.61,0.250,-9.469,0.2245,3.2964,39.3491,0.0000,0.0000,0.0000,0.0000,17.0791,0.3430,42.5530,0.1340,0.0000,0.5419,0.0000,0.0000,0.0000,0.0000,0.0000,0.0000,0.0000,0.0000,-3.503,-2.715,0.541,0.068,0.277,0.003691,0.181491,0.000000,0.001369,0.014754,0.798695
15,1176.61,0.250,-9.550,0.5431,3.3153,39.1092,0.0000,0.0000,0.0000,0.0000,18.3146,0.3951,41.5206,0.1403,0.0000,0.5201,0.0000,0.0000,0.0000,0.0000,0.0000,0.0000,0.0000,0.0000,-8.386,-6.497,1.303,0.164,0.666,0.004279,0.195815,0.000000,0.001443,0.014248,0.784215
16,1175.61,0.250,-9.562,0.0989,3.3177,39.0784,0.0000,0.0000,0.0000,0.0000,18.4741,0.4017,41.3875,0.1401,0.0000,0.5183,0.0000,0.0000,0.0000,0.0000,0.0000,0.0000,0.0000,0.0000,-1.525,-1.182,0.237,0.030,0.121,0.004353,0.197675,0.000000,0.001442,0.014209,0.782321
17,1174.61,0.250,-9.574,0.0962,3.3201,39.0475,0.0000,0.0000,0.0000,0.0000,18.6339,0.4082,41.2540,0.1399,0.0000,0.5165,0.0000,0.0000,0.0000,0.0000,0.0000,0.0000,0.0000,0.0000,-1.481,-1.147,0.230,0.029,0.118,0.004428,0.199543,0.000000,0.001441,0.014171,0.780417
18,1173.61,0.250,-9.585,0.0935,3.3226,39.0165,0.0000,0.0000,0.0000,0.0000,18.7941,0.4149,41.1202,0.1398,0.0000,0.5147,0.0000,0.0000,0.0000,0.0000,0.0000,0.0000,0.0000,0.0000,-1.438,-1.114,0.224,0.028,0.114,0.004503,0.201418,0.000000,0.001440,0.014133,0.778505
19,1172.61,0.250,-9.597,0.0910,3.3250,38.9854,0.0000,0.0000,0.0000,0.0000,18.9547,0.4215,40.9859,0.1396,0.0000,0.5129,0.0000,0.0000,0.0000,0.0000,0.0000,0.0000,0.0000,0.0000,-1.397,-1.082,0.218,0.027,0.111,0.004579,0.203302,0.000000,0.001439,0.014096,0.776583
20,1171.61,0.250,-9.609,0.0886,3.3275,38.9542,0.0000,0.0000,0.0000,0.0000,19.1158,0.4282,40.8513,0.1394,0.0000,0.5112,0.0000,0.0000,0.0000,0.0000,0.0000,0.0000,0.0000,0.0000,-1.358,-1.052,0.212,0.027,0.108,0.004656,0.205193,0.000000,0.001439,0.014060,0.774653
21,1170.61,0.250,-9.620,0.0862,3.3300,38.9229,0.0000,0.0000,0.0000,0.0000,19.2773,0.4350,40.7162,0.1392,0.0000,0.5095,0.0000,0.0000,0.0000,0.0000,0.0000,0.0000,0.0000,0.0000,-1.320,-1.023,0.206,0.026,0.105,0.004733,0.207093,0.000000,0.001438,0.014024,0.772712
22,1169.61,0.250,-9.632,0.0840,3.3324,38.8915,0.0000,0.0000,0.0000,0.0000,19.4392,0.4417,40.5808,0.1390,0.0000,0.5078,0.0000,0.0000,0.0000,0.0000,0.0000,0.0000,0.0000,0.0000,-1.284,-0.994,0.201,0.025,0.102,0.004810,0.209002,0.000000,0.001437,0.013989,0.770762
23,1168.61,0.250,-9.644,0.0818,3.3349,38.8600,0.0000,0.0000,0.0000,0.0000,19.6017,0.4485,40.4448,0.1388,0.0000,0.5061,0.0000,0.0000,0.0000,0.0000,0.0000,0.0000,0.0000,0.0000,-1.249,-0.967,0.195,0.025,0.100,0.004888,0.210919,0.000000,0.001436,0.013955,0.768802
24,1167.61,0.250,-9.656,0.0797,3.3375,38.8285,0.0000,0.0000,0.0000,0.0000,19.7646,0.4554,40.3084,0.1386,0.0000,0.5045,0.0000,0.0000,0.0000,0.0000,0.0000,0.0000,0.0000,0.0000,-1.216,-0.941,0.190,0.024,0.097,0.004967,0.212846,0.000000,0.001435,0.013921,0.766831
25,1166.61,0.250,-9.667,0.0777,3.3400,38.7968,0.0000,0.0000,0.0000,0.0000,19.9281,0.4622,40.1716,0.1384,0.0000,0.5029,0.0000,0.0000,0.0000,0.0000,0.0000,0.0000,0.0000,0.0000,-1.183,-0.917,0.185,0.023,0.095,0.005046,0.214781,0.000000,0.001434,0.013888,0.764851
26,1165.61,0.250,-9.679,0.0758,3.3425,38.7650,0.0000,0.0000,0.0000,0.0000,20.0921,0.4692,40.0342,0.1382,0.0000,0.5013,0.0000,0.0000,0.0000,0.0000,0.0000,0.0000,0.0000,0.0000,-1.152,-0.892,0.181,0.023,0.092,0.005126,0.216726,0.000000,0.001434,0.013855,0.762859
27,1164.61,0.250,-9.691,0.0740,3.3450,38.7331,0.0000,0.0000,0.0000,0.0000,20.2566,0.4761,39.8964,0.1380,0.0000,0.4997,0.0000,0.0000,0.0000,0.0000,0.0000,0.0000,0.0000,0.0000,-1.122,-0.869,0.176,0.022,0.090,0.005206,0.218681,0.000000,0.001433,0.013823,0.760857
28,1163.61,0.250,-9.703,0.0722,3.3476,38.7011,0.0000,0.0000,0.0000,0.0000,20.4217,0.4831,39.7581,0.1378,0.0000,0.4982,0.0000,0.0000,0.0000,0.0000,0.0000,0.0000,0.0000,0.0000,-1.094,-0.847,0.172,0.022,0.088,0.005287,0.220646,0.000000,0.001432,0.013792,0.758843
29,1162.61,0.250,-9.715,0.0704,3.3501,38.6689,0.0000,0.0000,0.0000,0.0000,20.5874,0.4902,39.6192,0.1376,0.0000,0.4967,0.0000,0.0000,0.0000,0.0000,0.0000,0.0000,0.0000,0.0000,-1.066,-0.825,0.168,0.021,0.085,0.005368,0.222620,0.000000,0.001431,0.013762,0.756818
30,1161.61,0.250,-9.726,0.0688,3.3527,38.6367,0.0000,0.0000,0.0000,0.0000,20.7536,0.4973,39.4798,0.1374,0.0000,0.4952,0.0000,0.0000,0.0000,0.0000,0.0000,0.0000,0.0000,0.0000,-1.039,-0.805,0.163,0.021,0.083,0.005450,0.224605,0.000000,0.001431,0.013732,0.754782
31,1160.61,0.250,-9.738,0.0672,3.3553,38.6043,0.0000,0.0000,0.0000,0.0000,20.9204,0.5044,39.3399,0.1373,0.0000,0.4937,0.0000,0.0000,0.0000,0.0000,0.0000,0.0000,0.0000,0.0000,-1.013,-0.784,0.159,0.020,0.081,0.005533,0.226601,0.000000,0.001430,0.013702,0.752734
32,1159.61,0.250,-9.750,0.0656,3.3579,38.5718,0.0000,0.0000,0.0000,0.0000,21.0879,0.5115,39.1995,0.1371,0.0000,0.4923,0.0000,0.0000,0.0000,0.0000,0.0000,0.0000,0.0000,0.0000,-0.988,-0.765,0.156,0.020,0.079,0.005617,0.228607,0.000000,0.001429,0.013674,0.750674
33,1158.61,0.250,-9.762,0.0641,3.3605,38.5392,0.0000,0.0000,0.0000,0.0000,21.2559,0.5187,39.0584,0.1369,0.0000,0.4908,0.0000,0.0000,0.0000,0.0000,0.0000,0.0000,0.0000,0.0000,-0.964,-0.746,0.152,0.019,0.077,0.005700,0.230624,0.000000,0.001428,0.013646,0.748602
34,1157.61,0.250,-9.774,0.0626,3.3631,38.5064,0.0000,0.0000,0.0000,0.0000,21.4246,0.5260,38.9168,0.1367,0.0000,0.4894,0.0000,0.0000,0.0000,0.0000,0.0000,0.0000,0.0000,0.0000,-0.940,-0.728,0.148,0.019,0.076,0.005785,0.232652,0.000000,0.001428,0.013618,0.746517
35,1156.61,0.250,-9.786,0.0612,3.3658,38.4735,0.0000,0.0000,0.0000,0.0000,21.5940,0.5333,38.7747,0.1365,0.0000,0.4881,0.0000,0.0000,0.0000,0.0000,0.0000,0.0000,0.0000,0.0000,-0.918,-0.710,0.145,0.018,0.074,0.005870,0.234691,0.000000,0.001427,0.013591,0.744420
36,1155.61,0.250,-9.798,0.0598,3.3684,38.4405,0.0000,0.0000,0.0000,0.0000,21.7640,0.5406,38.6319,0.1363,0.0000,0.4867,0.0000,0.0000,0.0000,0.0000,0.0000,0.0000,0.0000,0.0000,-0.896,-0.693,0.142,0.018,-11037486843642189343588997758570773125102371113323779930875105437024256.000,0.005956,0.236742,0.000000,0.001426,0.013565,0.742310
37,1154.61,0.250,-9.810,0.0585,3.3711,38.4073,0.0000,0.0000,0.0000,0.0000,21.9347,0.5480,38.4885,0.1362,0.0000,0.4854,0.0000,0.0000,0.0000,0.0000,0.0000,0.0000,0.0000,0.0000,-0.874,-0.677,0.138,0.017,0.070,0.006043,0.238805,0.000000,0.001425,0.013540,0.740187
38,1153.61,0.250,-9.822,0.0572,3.3738,38.3740,0.0000,0.0000,0.0000,0.0000,22.1060,0.5554,38.3445,0.1360,0.0000,0.4840,0.0000,0.0000,0.0000,0.0000,0.0000,0.0000,0.0000,0.0000,-0.853,-0.660,0.135,0.017,0.069,0.006130,0.240879,0.000000,0.001425,0.013515,0.738051
39,1152.61,0.250,-9.834,0.0559,3.3765,38.3406,0.0000,0.0000,0.0000,0.0000,22.2781,0.5629,38.1999,0.1358,0.0000,0.4828,0.0000,0.0000,0.0000,0.0000,0.0000,0.0000,0.0000,0.0000,-0.833,-0.645,0.132,0.017,0.067,0.006218,0.242966,0.000000,0.001424,0.013490,0.735902
40,1151.61,0.250,-9.846,0.0547,3.3792,38.3070,0.0000,0.0000,0.0000,0.0000,22.4508,0.5704,38.0546,0.1356,0.0000,0.4815,0.0000,0.0000,0.0000,0.0000,0.0000,0.0000,0.0000,0.0000,-0.814,-0.630,0.129,0.016,0.066,0.006307,0.245065,0.000000,0.001424,0.013467,0.733738
41,1150.61,0.250,-9.858,0.0535,3.3819,38.2732,0.0000,0.0000,0.0000,0.0000,22.6243,0.5780,37.9088,0.1354,0.0000,0.4802,0.0000,0.0000,0.0000,0.0000,0.0000,0.0000,0.0000,0.0000,-0.794,-0.615,0.126,0.016,0.064,0.006396,0.247176,0.000000,0.001423,0.013444,0.731561
42,1149.61,0.250,-9.870,0.0523,3.3846,38.2393,0.0000,0.0000,0.0000,0.0000,22.7985,0.5856,37.7622,0.1353,0.0000,0.4790,0.0000,0.0000,0.0000,0.0000,0.0000,0.0000,0.0000,0.0000,-0.776,-0.600,0.123,0.015,0.063,0.006486,0.249300,0.000000,0.001422,0.013421,0.729370
43,1148.61,0.250,-9.882,0.0512,3.3874,38.2053,0.0000,0.0000,0.0000,0.0000,22.9735,0.5933,37.6150,0.1351,0.0000,0.4778,0.0000,0.0000,0.0000,0.0000,0.0000,0.0000,0.0000,0.0000,-0.758,-0.586,0.121,0.015,0.061,0.006577,0.251437,0.000000,0.001422,0.013399,0.727165
44,1147.61,0.250,-9.894,0.0500,3.3902,38.1711,0.0000,0.0000,0.0000,0.0000,23.1492,0.6010,37.4671,0.1349,0.0000,0.4766,0.0000,0.0000,0.0000,0.0000,0.0000,0.0000,0.0000,0.0000,-0.740,-0.572,0.118,0.015,0.060,0.006668,0.253588,0.000000,0.001421,0.013378,0.724945
45,1146.61,0.250,-9.906,0.0489,3.3929,38.1368,0.0000,0.0000,0.0000,0.0000,23.3257,0.6088,37.3185,0.1348,0.0000,0.4755,0.0000,0.0000,0.0000,0.0000,0.0000,0.0000,0.0000,0.0000,-0.722,-0.559,0.115,0.014,0.059,0.006760,0.255751,0.000000,0.001421,0.013358,0.722710
46,1145.61,0.250,-9.918,0.0479,3.3957,38.1022,0.0000,0.0000,0.0000,0.0000,23.5030,0.6166,37.1692,0.1346,0.0000,0.4743,0.0000,0.0000,0.0000,0.0000,0.0000,0.0000,0.0000,0.0000,-0.705,-0.546,0.113,0.014,0.057,0.006854,0.257928,0.000000,0.001421,0.013338,0.720460
47,1144.61,0.250,-9.930,0.0468,3.3986,38.0676,0.0000,0.0000,0.0000,0.0000,23.6810,0.6245,37.0192,0.1345,0.0000,0.4732,0.0000,0.0000,0.0000,0.0000,0.0000,0.0000,0.0000,0.0000,-0.689,-0.533,0.110,0.014,0.056,0.006947,0.260119,0.000000,0.001420,0.013318,0.718195
48,1143.61,0.250,-9.943,0.0458,3.4014,38.0327,0.0000,0.0000,0.0000,0.0000,23.8599,0.6324,36.8685,0.1343,0.0000,0.4721,0.0000,0.0000,0.0000,0.0000,0.0000,0.0000,0.0000,0.0000,-0.672,-0.520,0.107,0.013,0.055,0.007042,0.262323,0.000000,0.001420,0.013300,0.715915
49,1142.61,0.250,-9.955,0.0447,3.4042,37.9977,0.0000,0.0000,0.0000,0.0000,24.0395,0.6404,36.7171,0.1342,0.0000,0.4710,0.0000,0.0000,0.0000,0.0000,0.0000,0.0000,0.0000,0.0000,-0.656,-0.507,0.105,0.013,0.053,0.007137,0.264542,0.000000,0.001420,0.013282,0.713619
50,1141.61,0.250,-9.967,0.0437,3.4071,37.9626,0.0000,0.0000,0.0000,0.0000,24.2200,0.6484,36.5650,0.1340,0.0000,0.4700,0.0000,0.0000,0.0000,0.0000,0.0000,0.0000,0.0000,0.0000,-0.640,-0.495,0.103,0.013,0.052,0.007234,0.266775,0.000000,0.001420,0.013264,0.711308
51,1140.61,0.250,-9.979,0.0427,3.4100,37.9272,0.0000,0.0000,0.0000,0.0000,24.4013,0.6565,36.4121,0.1339,0.0000,0.4690,0.0000,0.0000,0.0000,0.0000,0.0000,0.0000,0.0000,0.0000,-0.624,-0.483,0.100,0.013,0.051,0.007331,0.269022,0.000000,0.001420,0.013247,0.708980
52,1139.61,0.250,-9.991,0.0417,3.4129,37.8917,0.0000,0.0000,0.0000,0.0000,24.5835,0.6647,36.2584,0.1338,0.0000,0.4679,0.0000,0.0000,0.0000,0.0000,0.0000,0.0000,0.0000,0.0000,-0.608,-0.470,0.098,0.012,0.050,0.007429,0.271284,0.000000,0.001420,0.013231,0.706636
53,1138.61,0.250,-10.004,0.0397,3.4159,37.8554,0.0000,0.0000,0.0000,0.0000,24.7695,0.6732,36.1012,0.1337,0.0000,0.4670,0.0000,0.0000,0.0000,0.0000,0.0000,0.0000,0.0000,0.0000,-0.579,-0.448,0.093,0.012,0.047,0.007531,0.273600,0.000000,0.001421,0.013216,0.704232
54,1137.61,0.250,-10.016,0.0394,3.4188,37.8193,0.0000,0.0000,0.0000,0.0000,24.9543,0.6816,35.9451,0.1337,0.0000,0.4660,0.0000,0.0000,0.0000,0.0000,0.0000,0.0000,0.0000,0.0000,-0.572,-0.442,0.092,0.012,0.047,0.007632,0.275904,0.000000,0.001421,0.013202,0.701841
55,1136.61,0.250,-10.028,0.0383,3.4218,37.7831,0.0000,0.0000,0.0000,0.0000,25.1400,0.6900,35.7882,0.1336,0.0000,0.4651,0.0000,0.0000,0.0000,0.0000,0.0000,0.0000,0.0000,0.0000,-0.556,-0.430,0.090,0.011,0.045,0.007734,0.278223,0.000000,0.001422,0.013188,0.699433
56,1135.61,0.250,-10.041,0.0372,3.4248,37.7467,0.0000,0.0000,0.0000,0.0000,25.3265,0.6986,35.6305,0.1336,0.0000,0.4641,0.0000,0.0000,0.0000,0.0000,0.0000,0.0000,0.0000,0.0000,-0.540,-0.417,0.087,0.011,0.044,0.007838,0.280558,0.000000,0.001423,0.013174,0.697007
57,1134.61,0.250,-10.053,0.0361,3.4278,37.7101,0.0000,0.0000,0.0000,0.0000,25.5140,0.7072,35.4720,0.1335,0.0000,0.4632,0.0000,0.0000,0.0000,0.0000,0.0000,0.0000,0.0000,0.0000,-0.523,-0.404,0.084,0.011,0.043,0.007942,0.282909,0.000000,0.001424,0.013162,0.694563
58,1133.61,0.250,-10.065,0.0350,3.4308,37.6732,0.0000,0.0000,0.0000,0.0000,25.7024,0.7158,35.3127,0.1335,0.0000,0.4624,0.0000,0.0000,0.0000,0.0000,0.0000,0.0000,0.0000,0.0000,-0.505,-0.390,0.082,0.010,0.041,0.008047,0.285277,0.000000,0.001425,0.013150,0.692102
59,1132.61,0.250,-10.077,0.0016,3.4310,37.6732,0.0000,0.0000,0.0000,0.0000,25.7024,0.7158,35.3127,0.1335,0.0000,0.4624,0.0000,0.0000,0.0000,0.0000,0.0000,0.0000,0.0000,0.0000,-0.023,-0.018,0.004,0.000,-1425860589244353106438722323461403233548082753684679658658164195196928.000,0.008047,0.285277,0.000000,0.001425,0.013150,0.692102
60,1131.61,0.250,-10.090,0.0636,3.4369,37.5991,0.0000,0.0000,0.0000,0.0000,26.0814,0.7335,34.9917,0.1336,0.0000,0.4607,0.0000,0.0000,0.0000,0.0000,0.0000,0.0000,0.0000,0.0000,-0.916,-0.707,0.148,0.019,0.075,0.008262,0.290055,0.000000,0.001429,0.013128,0.687126
61,1130.61,0.250,-10.102,0.0309,3.4400,37.5617,0.0000,0.0000,0.0000,0.0000,26.2725,0.7425,34.8297,0.1337,0.0000,0.4599,0.0000,0.0000,0.0000,0.0000,0.0000,0.0000,0.0000,0.0000,-0.444,-0.343,0.072,0.009,0.036,0.008371,0.292471,0.000000,0.001431,0.013118,0.684608
62,1129.61,0.250,-10.115,0.0291,3.4431,37.5241,0.0000,0.0000,0.0000,0.0000,26.4645,0.7516,34.6669,0.1338,0.0000,0.4591,0.0000,0.0000,0.0000,0.0000,0.0000,0.0000,0.0000,0.0000,-0.417,-0.322,0.068,0.008,-27133952543035182005582608415992443930485234216147630097941506807562240.000,0.008482,0.294904,0.000000,0.001434,0.013109,0.682071
63,1128.61,0.250,-10.127,0.0267,3.4462,37.4863,0.0000,0.0000,0.0000,0.0000,26.6574,0.7608,34.5031,0.1340,0.0000,0.4584,0.0000,0.0000,0.0000,0.0000,0.0000,0.0000,0.0000,0.0000,-0.382,-0.295,0.062,0.008,0.031,0.008595,0.297352,0.000000,0.001438,0.013101,0.679513
64,1127.61,0.250,-10.139,0.0011,3.4601,37.3132,0.0000,0.0000,0.0000,0.0000,27.5122,0.8163,33.7542,0.1496,0.0000,0.4546,0.0000,0.0000,0.0000,0.0000,0.0000,0.0000,0.0000,0.0000,-0.016,-0.012,0.003,0.000,-1097074749726906912275289838031870252794165494947519540472364021055488.000,0.009264,0.308311,0.000000,0.001612,0.013054,0.667758
151,1040.61,0.250,-11.294,0.0143,3.8189,33.3220,0.0000,0.0000,0.0000,0.0000,46.7368,2.7223,16.4115,0.2921,0.0000,0.5153,0.0000,0.0000,0.0000,0.0000,0.0000,0.0000,0.0000,0.0000,-0.165,-0.125,0.031,0.004,-79451069789784458519049349834618964296602144373980444385269737074982912.000,0.034599,0.586481,0.000000,0.003525,0.016567,0.358827
152,1039.61,0.250,-11.308,0.1940,3.8361,33.1417,0.0000,0.0000,0.0000,0.0000,47.7327,2.7142,15.6226,0.2563,0.0000,0.5325,0.0000,0.0000,0.0000,0.0000,0.0000,0.0000,0.0000,0.0000,-2.214,-1.669,0.415,0.051,0.204,0.034684,0.602236,0.000000,0.003110,0.017214,0.342756
153,1038.61,0.250,-11.322,0.0541,3.8396,33.1066,0.0000,0.0000,0.0000,0.0000,47.9159,2.7245,15.4689,0.2488,0.0000,0.5353,0.0000,0.0000,0.0000,0.0000,0.0000,0.0000,0.0000,0.0000,-0.616,-0.464,0.116,0.014,0.057,0.034852,0.605188,0.000000,0.003022,0.017323,0.339615
154,1037.61,0.250,-11.336,0.0535,3.8431,33.0718,0.0000,0.0000,0.0000,0.0000,48.0976,2.7345,15.3165,0.2415,0.0000,0.5381,0.0000,0.0000,0.0000,0.0000,0.0000,0.0000,0.0000,0.0000,-0.608,-0.458,0.114,0.014,0.056,0.035017,0.608122,0.000000,0.002936,0.017433,0.336492
155,1036.61,0.250,-11.350,0.0530,3.8465,33.0373,0.0000,0.0000,0.0000,0.0000,48.2778,2.7443,15.1653,0.2344,0.0000,0.5409,0.0000,0.0000,0.0000,0.0000,0.0000,0.0000,0.0000,0.0000,-0.601,-0.453,0.113,0.014,0.056,0.035178,0.611039,0.000000,0.002853,0.017542,0.333387
163,1028.61,0.250,-11.465,0.1751,3.8879,32.6272,0.0000,0.0000,0.0000,0.0000,50.2484,2.9790,13.3829,0.2195,0.0000,0.5430,0.0000,0.0000,0.0000,0.0000,0.0000,0.0000,0.0000,0.0000,-1.937,-1.456,0.370,0.045,0.182,0.038667,0.643974,0.000000,0.002705,0.017831,0.296823
164,1027.61,0.250,-11.479,0.0488,3.8911,32.5954,0.0000,0.0000,0.0000,0.0000,50.4156,2.9865,13.2439,0.2131,0.0000,0.5454,0.0000,0.0000,0.0000,0.0000,0.0000,0.0000,0.0000,0.0000,-0.539,-0.405,0.103,0.013,0.051,0.038802,0.646747,0.000000,0.002629,0.017928,0.293893
165,1026.61,0.250,-11.494,0.0483,3.8943,32.5640,0.0000,0.0000,0.0000,0.0000,50.5813,2.9937,13.1062,0.2070,0.0000,0.5479,0.0000,0.0000,0.0000,0.0000,0.0000,0.0000,0.0000,0.0000,-0.532,-0.400,0.102,0.012,0.050,0.038934,0.649499,0.000000,0.002556,0.018026,0.290985
166,1025.61,0.250,-11.508,0.0478,3.8976,32.5328,0.0000,0.0000,0.0000,0.0000,50.7453,3.0008,12.9698,0.2010,0.0000,0.5503,0.0000,0.0000,0.0000,0.0000,0.0000,0.0000,0.0000,0.0000,-0.526,-0.395,0.101,0.012,0.049,0.039063,0.652230,0.000000,0.002484,0.018123,0.288100
167,1024.61,0.250,-11.523,0.0473,3.9007,32.5019,0.0000,0.0000,0.0000,0.0000,50.9078,3.0075,12.8348,0.1952,0.0000,0.5527,0.0000,0.0000,0.0000,0.0000,0.0000,0.0000,0.0000,0.0000,-0.519,-0.390,0.100,0.012,-349251418523211951853312799687880907006700091637421938428257521903861760.000,0.039188,0.654940,0.000000,0.002416,0.018220,0.285237
168,1023.61,0.250,-11.537,0.0468,3.9039,32.4713,0.0000,0.0000,0.0000,0.0000,51.0687,3.0141,12.7011,0.1897,0.0000,0.5551,0.0000,0.0000,0.0000,0.0000,0.0000,0.0000,0.0000,0.0000,-0.512,-0.385,0.098,0.012,0.048,0.039311,0.657629,0.000000,0.002349,0.018316,0.282396
169,1022.61,0.250,-11.552,0.0019,3.9041,32.4713,0.0000,0.0000,0.0000,0.0000,51.0687,3.0141,12.7011,0.1897,0.0000,0.5551,0.0000,0.0000,0.0000,0.0000,0.0000,0.0000,0.0000,0.0000,-0.020,-0.015,0.004,0.000,-13805543261237766616092837842875732754130016652427370839834059731894272.000,0.039311,0.657629,0.000000,0.002349,0.018316,0.282396
170,1021.61,0.250,-11.566,0.0288,3.9148,32.3665,0.0000,0.0000,0.0000,0.0000,51.5646,3.0812,12.2460,0.1881,0.0000,0.5535,0.0000,0.0000,0.0000,0.0000,0.0000,0.0000,0.0000,0.0000,-0.314,-0.236,0.061,0.007,0.030,0.040317,0.666165,0.000000,0.002337,0.018324,0.272858
171,1020.61,0.250,-11.581,0.0330,3.9188,32.3277,0.0000,0.0000,0.0000,0.0000,51.7575,3.0984,12.0773,0.1846,0.0000,0.5545,0.0000,0.0000,0.0000,0.0000,0.0000,0.0000,0.0000,0.0000,-0.359,-0.269,0.069,0.008,0.034,0.040589,0.669458,0.000000,0.002297,0.018378,0.269277
172,1019.61,0.250,-11.596,0.0328,3.9228,32.2894,0.0000,0.0000,0.0000,0.0000,51.9483,3.1152,11.9105,0.1812,0.0000,0.5555,0.0000,0.0000,0.0000,0.0000,0.0000,0.0000,0.0000,0.0000,-0.356,-0.267,0.069,0.008,0.034,0.040858,0.672724,0.000000,0.002257,0.018432,0.265730
173,1018.61,0.250,-11.610,0.0326,3.9268,32.2515,0.0000,0.0000,0.0000,0.0000,52.1370,3.1316,11.7455,0.1778,0.0000,0.5564,0.0000,0.0000,0.0000,0.0000,0.0000,0.0000,0.0000,0.0000,-0.352,-0.264,0.068,0.008,0.034,0.041122,0.675961,0.000000,0.002217,0.018485,0.262214
174,1017.61,0.250,-11.625,0.0324,3.9307,32.2141,0.0000,0.0000,0.0000,0.0000,52.3237,3.1478,11.5825,0.1745,0.0000,0.5574,0.0000,0.0000,0.0000,0.0000,0.0000,0.0000,0.0000,0.0000,-0.349,-0.262,0.068,0.008,0.033,0.041383,0.679171,0.000000,0.002178,0.018537,0.258731
175,1016.61,0.250,-11.640,0.0322,3.9346,32.1771,0.0000,0.0000,0.0000,0.0000,52.5084,3.1637,11.4213,0.1712,0.0000,0.5583,0.0000,0.0000,0.0000,0.0000,0.0000,0.0000,0.0000,0.0000,-0.346,-0.259,0.067,0.008,0.033,0.041640,0.682352,0.000000,0.002140,0.018589,0.255279
176,1015.61,0.250,-11.654,0.0319,3.9384,32.1405,0.0000,0.0000,0.0000,0.0000,52.6911,3.1794,11.2619,0.1680,0.0000,0.5591,0.0000,0.0000,0.0000,0.0000,0.0000,0.0000,0.0000,0.0000,-0.343,-0.257,0.067,0.008,0.033,0.041893,0.685506,0.000000,0.002102,0.018639,0.251860
177,1014.61,0.250,-11.669,0.0317,3.9423,32.1043,0.0000,0.0000,0.0000,0.0000,52.8718,3.1947,11.1044,0.1649,0.0000,0.5600,0.0000,0.0000,0.0000,0.0000,0.0000,0.0000,0.0000,0.0000,-0.340,-0.254,0.066,0.008,0.032,0.042143,0.688632,0.000000,0.002065,0.018688,0.248472
178,1013.61,0.250,-11.684,0.0315,3.9461,32.0685,0.0000,0.0000,0.0000,0.0000,53.0505,3.2097,10.9487,0.1618,0.0000,0.5608,0.0000,0.0000,0.0000,0.0000,0.0000,0.0000,0.0000,0.0000,-0.336,-0.252,0.066,0.008,0.032,0.042388,0.691730,0.000000,0.002029,0.018737,0.245116
179,1012.61,0.250,-11.698,0.0312,3.9498,32.0331,0.0000,0.0000,0.0000,0.0000,53.2272,3.2245,10.7947,0.1588,0.0000,0.5616,0.0000,0.0000,0.0000,0.0000,0.0000,0.0000,0.0000,0.0000,-0.333,-0.249,0.065,0.008,0.032,0.042630,0.694801,0.000000,0.001993,0.018785,0.241791
180,1011.61,0.250,-11.713,0.0310,3.9536,31.9982,0.0000,0.0000,0.0000,0.0000,53.4020,3.2390,10.6426,0.1558,0.0000,0.5624,0.0000,0.0000,0.0000,0.0000,0.0000,0.0000,0.0000,0.0000,-0.330,-0.247,0.064,0.008,-269746759137718372613121786958975478379506600978222942362716334721073152.000,0.042869,0.697844,0.000000,0.001958,0.018831,0.238497
181,1010.61,0.250,-11.728,0.0308,3.9572,31.9636,0.0000,0.0000,0.0000,0.0000,53.5749,3.2533,10.4921,0.1529,0.0000,0.5632,0.0000,0.0000,0.0000,0.0000,0.0000,0.0000,0.0000,0.0000,-0.326,-0.244,0.064,0.008,0.031,0.043104,0.700861,0.000000,0.001923,0.018877,0.235235
182,1009.61,0.250,-11.743,0.0305,3.9609,31.9295,0.0000,0.0000,0.0000,0.0000,53.7459,3.2672,10.3434,0.1500,0.0000,0.5639,0.0000,0.0000,0.0000,0.0000,0.0000,0.0000,0.0000,0.0000,-0.323,-0.242,0.063,0.008,0.031,0.043336,0.703850,0.000000,0.001889,0.018922,0.232003
183,1008.61,0.250,-11.758,0.0303,3.9645,31.8957,0.0000,0.0000,0.0000,0.0000,53.9150,3.2810,10.1964,0.1472,0.0000,0.5646,0.0000,0.0000,0.0000,0.0000,0.0000,0.0000,0.0000,0.0000,-0.320,-0.239,0.063,0.008,0.031,0.043564,0.706812,0.000000,0.001856,0.018966,0.228801
184,1007.61,0.250,-11.773,0.0300,3.9681,31.8623,0.0000,0.0000,0.0000,0.0000,54.0823,3.2945,10.0511,0.1445,0.0000,0.5653,0.0000,0.0000,0.0000,0.0000,0.0000,0.0000,0.0000,0.0000,-0.317,-0.237,0.062,0.008,0.031,0.043789,0.709748,0.000000,0.001824,0.019010,0.225630
185,1006.61,0.250,-11.787,0.0298,3.9717,31.8293,0.0000,0.0000,0.0000,0.0000,54.2477,3.3077,9.9075,0.1418,0.0000,0.5660,0.0000,0.0000,0.0000,0.0000,0.0000,0.0000,0.0000,0.0000,-0.313,-0.234,0.062,0.007,0.030,0.044011,0.712657,0.000000,0.001792,0.019052,0.222488
186,1005.61,0.250,-11.802,0.0295,3.9752,31.7966,0.0000,0.0000,0.0000,0.0000,54.4113,3.3208,9.7654,0.1392,0.0000,0.5666,0.0000,0.0000,0.0000,0.0000,0.0000,0.0000,0.0000,0.0000,-0.310,-0.232,0.061,0.007,0.030,0.044230,0.715540,0.000000,0.001760,0.019093,0.219376
187,1004.61,0.250,-11.817,0.0293,3.9787,31.7644,0.0000,0.0000,0.0000,0.0000,54.5731,3.3336,9.6250,0.1366,0.0000,0.5673,0.0000,0.0000,0.0000,0.0000,0.0000,0.0000,0.0000,0.0000,-0.307,-0.229,0.060,0.007,0.030,0.044446,0.718397,0.000000,0.001729,0.019134,0.216294
188,1003.61,0.250,-11.832,0.0290,3.9822,31.7325,0.0000,0.0000,0.0000,0.0000,54.7332,3.3462,9.4862,0.1341,0.0000,0.5679,0.0000,0.0000,0.0000,0.0000,0.0000,0.0000,0.0000,0.0000,-0.303,-0.227,0.060,0.007,-272471959203567894741490045300372209809950644978073623667063134489673728.000,0.044658,0.721228,0.000000,0.001699,0.019174,0.213241
189,1002.61,0.250,-11.847,0.0288,3.9856,31.7009,0.0000,0.0000,0.0000,0.0000,54.8914,3.3586,9.3490,0.1316,0.0000,0.5685,0.0000,0.0000,0.0000,0.0000,0.0000,0.0000,0.0000,0.0000,-0.300,-0.224,0.059,0.007,0.029,0.044868,0.724034,0.000000,0.001670,0.019212,0.210216
190,1001.61,0.250,-11.862,0.0285,3.9890,31.6697,0.0000,0.0000,0.0000,0.0000,55.0480,3.3707,9.2133,0.1292,0.0000,0.5690,0.0000,0.0000,0.0000,0.0000,0.0000,0.0000,0.0000,0.0000,-0.297,-0.222,0.059,0.007,0.029,0.045075,0.726814,0.000000,0.001641,0.019250,0.207220
191,1000.61,0.250,-11.877,0.0282,3.9924,31.6389,0.0000,0.0000,0.0000,0.0000,55.2028,3.3827,9.0791,0.1269,0.0000,0.5696,0.0000,0.0000,0.0000,0.0000,0.0000,0.0000,0.0000,0.0000,-0.293,-0.219,0.058,0.007,0.029,0.045280,0.729569,0.000000,0.001612,0.019287,0.204252
192,999.61,0.250,-11.892,0.0280,3.9958,31.6084,0.0000,0.0000,0.0000,0.0000,55.3560,3.3945,8.9465,0.1246,0.0000,0.5701,0.0000,0.0000,0.0000,0.0000,0.0000,0.0000,0.0000,0.0000,-0.290,-0.217,0.058,0.007,-271795561358968776181716365076241205488246744644684971492502733752107008.000,0.045481,0.732299,0.000000,0.001585,0.019323,0.201312
193,998.61,0.250,-11.907,0.0277,3.9991,31.5782,0.0000,0.0000,0.0000,0.0000,55.5075,3.4061,8.8153,0.1223,0.0000,0.5706,0.0000,0.0000,0.0000,0.0000,0.0000,0.0000,0.0000,0.0000,-0.287,-0.214,0.057,0.007,0.028,0.045680,0.735004,0.000000,0.001557,0.019359,0.198399
194,997.61,0.250,-11.923,0.0275,4.0024,31.5484,0.0000,0.0000,0.0000,0.0000,55.6574,3.4176,8.6856,0.1201,0.0000,0.5710,0.0000,0.0000,0.0000,0.0000,0.0000,0.0000,0.0000,0.0000,-0.284,-0.212,0.056,0.007,0.028,0.045877,0.737686,0.000000,0.001531,0.019393,0.195514
195,996.61,0.250,-11.938,0.0272,4.0056,31.5189,0.0000,0.0000,0.0000,0.0000,55.8056,3.4288,8.5573,0.1179,0.0000,0.5715,0.0000,0.0000,0.0000,0.0000,0.0000,0.0000,0.0000,0.0000,-0.280,-0.209,0.056,0.007,-270528738573480528346108584709143900851236264327401488584786590593712128.000,0.046071,0.740342,0.000000,0.001505,0.019427,0.192655
196,995.61,0.250,-11.953,0.0269,4.0089,31.4897,0.0000,0.0000,0.0000,0.0000,55.9522,3.4399,8.4304,0.1158,0.0000,0.5719,0.0000,0.0000,0.0000,0.0000,0.0000,0.0000,0.0000,0.0000,-0.277,-0.207,0.055,0.007,0.027,0.046263,0.742976,0.000000,0.001479,0.019459,0.189823
197,994.61,0.250,-11.968,0.0267,4.0121,31.4609,0.0000,0.0000,0.0000,0.0000,56.0973,3.4509,8.3049,0.1138,0.0000,0.5723,0.0000,0.0000,0.0000,0.0000,0.0000,0.0000,0.0000,0.0000,-0.274,-0.205,0.055,0.007,-269360522850340364264634477505236091945884072390526251303083300475633664.000,0.046453,0.745585,0.000000,0.001454,0.019491,0.187017
198,993.61,0.250,-11.983,0.0019,4.0122,31.4609,0.0000,0.0000,0.0000,0.0000,56.0973,3.4509,8.3049,0.1138,0.0000,0.5723,0.0000,0.0000,0.0000,0.0000,0.0000,0.0000,0.0000,0.0000,-0.020,-0.015,0.004,0.000,-19271076581426127250367525832797634321435831291260256216683894605348864.000,0.046453,0.745585,0.000000,0.001454,0.019491,0.187017
199,992.61,0.250,-11.998,0.0508,4.0184,31.4043,0.0000,0.0000,0.0000,0.0000,56.3815,3.4722,8.0590,0.1098,0.0000,0.5731,0.0000,0.0000,0.0000,0.0000,0.0000,0.0000,0.0000,0.0000,-0.519,-0.388,0.104,0.013,0.051,0.046825,0.750712,0.000000,0.001407,0.019551,0.181506
200,991.61,0.250,-12.014,0.0259,4.0215,31.3764,0.0000,0.0000,0.0000,0.0000,56.5220,3.4827,7.9376,0.1079,0.0000,0.5734,0.0000,0.0000,0.0000,0.0000,0.0000,0.0000,0.0000,0.0000,-0.264,-0.197,0.053,0.006,-267115476588952796394017098149897127163029633020662235510019352686493696.000,0.047008,0.753252,0.000000,0.001383,0.019580,0.178776
201,990.61,0.250,-12.029,0.0256,4.0246,31.3487,0.0000,0.0000,0.0000,0.0000,56.6609,3.4931,7.8174,0.1060,0.0000,0.5737,0.0000,0.0000,0.0000,0.0000,0.0000,0.0000,0.0000,0.0000,-0.261,-0.195,0.052,0.006,0.026,0.047190,0.755770,0.000000,0.001360,0.019609,0.176071
202,989.61,0.250,-12.044,0.0254,4.0277,31.3214,0.0000,0.0000,0.0000,0.0000,56.7984,3.5034,7.6986,0.1042,0.0000,0.5740,0.0000,0.0000,0.0000,0.0000,0.0000,0.0000,0.0000,0.0000,-0.258,-0.193,0.052,0.006,0.025,0.047370,0.758265,0.000000,0.001338,0.019636,0.173391
203,988.61,0.250,-12.060,0.0251,4.0307,31.2943,0.0000,0.0000,0.0000,0.0000,56.9344,3.5135,7.5810,0.1024,0.0000,0.5743,0.0000,0.0000,0.0000,0.0000,0.0000,0.0000,0.0000,0.0000,-0.255,-0.190,0.051,0.006,0.025,0.047548,0.760738,0.000000,0.001316,0.019663,0.170735
204,987.61,0.250,-12.075,0.0249,4.0337,31.2676,0.0000,0.0000,0.0000,0.0000,57.0690,3.5235,7.4646,0.1007,0.0000,0.5746,0.0000,0.0000,0.0000,0.0000,0.0000,0.0000,0.0000,0.0000,-0.252,-0.188,0.051,0.006,0.025,0.047725,0.763190,0.000000,0.001295,0.019689,0.168102
205,986.61,0.250,-12.090,0.0246,4.0367,31.2411,0.0000,0.0000,0.0000,0.0000,57.2022,3.5335,7.3494,0.0990,0.0000,0.5748,0.0000,0.0000,0.0000,0.0000,0.0000,0.0000,0.0000,0.0000,-0.249,-0.186,0.050,0.006,0.025,0.047900,0.765619,0.000000,0.001274,0.019714,0.165493
206,985.61,0.250,-12.106,0.0244,4.0397,31.2149,0.0000,0.0000,0.0000,0.0000,57.3340,3.5433,7.2355,0.0973,0.0000,0.5751,0.0000,0.0000,0.0000,0.0000,0.0000,0.0000,0.0000,0.0000,-0.246,-0.184,0.049,0.006,-261396602453501172583896664588052991308836748357619470235156335640444928.000,0.048073,0.768028,0.000000,0.001253,0.019739,0.162907
207,984.61,0.250,-12.121,0.0241,4.0427,31.1889,0.0000,0.0000,0.0000,0.0000,57.4644,3.5530,7.1227,0.0957,0.0000,0.5753,0.0000,0.0000,0.0000,0.0000,0.0000,0.0000,0.0000,0.0000,-0.243,-0.181,0.049,0.006,0.024,0.048245,0.770415,0.000000,0.001233,0.019762,0.160344
208,983.61,0.250,-12.137,0.0238,4.0456,31.1631,0.0000,0.0000,0.0000,0.0000,57.5941,3.5628,7.0105,0.0941,0.0000,0.5755,0.0000,0.0000,0.0000,0.0000,0.0000,0.0000,0.0000,0.0000,-0.239,-0.178,0.048,0.006,-258000454611536810327960822374242043084609663836419674198734721219821568.000,0.048418,0.772793,0.000000,0.001214,0.019785,0.157790
209,982.61,0.250,-12.152,0.0237,4.0485,31.1378,0.0000,0.0000,0.0000,0.0000,57.7212,3.5723,6.9006,0.0925,0.0000,0.5756,0.0000,0.0000,0.0000,0.0000,0.0000,0.0000,0.0000,0.0000,-0.238,-0.178,0.048,0.006,0.024,0.048586,0.775128,0.000000,0.001195,0.019807,0.155284
210,981.61,0.250,-12.168,0.0234,4.0514,31.1126,0.0000,0.0000,0.0000,0.0000,57.8476,3.5818,6.7913,0.0910,0.0000,0.5758,0.0000,0.0000,0.0000,0.0000,0.0000,0.0000,0.0000,0.0000,-0.234,-0.175,0.047,0.006,0.023,0.048755,0.777453,0.000000,0.001176,0.019828,0.152787
211,980.61,0.250,-12.183,0.0231,4.0542,31.0877,0.0000,0.0000,0.0000,0.0000,57.9726,3.5912,6.6830,0.0895,0.0000,0.5759,0.0000,0.0000,0.0000,0.0000,0.0000,0.0000,0.0000,0.0000,-0.231,-0.173,0.047,0.006,0.023,0.048923,0.779759,0.000000,0.001158,0.019849,0.150312
212,979.61,0.250,-12.199,0.0229,4.0570,31.0630,0.0000,0.0000,0.0000,0.0000,58.0964,3.6006,6.5758,0.0881,0.0000,0.5760,0.0000,0.0000,0.0000,0.0000,0.0000,0.0000,0.0000,0.0000,-0.228,-0.170,0.046,0.006,0.023,0.049089,0.782044,0.000000,0.001140,0.019869,0.147858
213,978.61,0.250,-12.214,0.0226,4.0598,31.0386,0.0000,0.0000,0.0000,0.0000,58.2189,3.6099,6.4697,0.0866,0.0000,0.5761,0.0000,0.0000,0.0000,0.0000,0.0000,0.0000,0.0000,0.0000,-0.225,-0.168,0.046,0.006,0.022,0.049255,0.784310,0.000000,0.001122,0.019888,0.145425
214,977.61,0.250,-12.230,0.0224,4.0626,31.0144,0.0000,0.0000,0.0000,0.0000,58.3402,3.6192,6.3647,0.0853,0.0000,0.5762,0.0000,0.0000,0.0000,0.0000,0.0000,0.0000,0.0000,0.0000,-0.223,-0.166,0.045,0.006,0.022,0.049420,0.786556,0.000000,0.001105,0.019906,0.143012
215,976.61,0.250,-12.245,0.0221,4.0654,30.9905,0.0000,0.0000,0.0000,0.0000,58.4602,3.6285,6.2607,0.0839,0.0000,0.5763,0.0000,0.0000,0.0000,0.0000,0.0000,0.0000,0.0000,0.0000,-0.220,-0.164,0.045,0.005,0.022,0.049585,0.788783,0.000000,0.001089,0.019923,0.140620
216,975.61,0.250,-12.261,0.0219,4.0681,30.9668,0.0000,0.0000,0.0000,0.0000,58.5790,3.6377,6.1577,0.0826,0.0000,0.5763,0.0000,0.0000,0.0000,0.0000,0.0000,0.0000,0.0000,0.0000,-0.217,-0.162,0.044,0.005,0.022,0.049749,0.790991,0.000000,0.001072,0.019940,0.138247
217,974.61,0.250,-12.277,0.0216,4.0709,30.9433,0.0000,0.0000,0.0000,0.0000,58.6965,3.6468,6.0557,0.0813,0.0000,0.5764,0.0000,0.0000,0.0000,0.0000,0.0000,0.0000,0.0000,0.0000,-0.214,-0.160,0.044,0.005,0.021,0.049912,0.793180,0.000000,0.001057,0.019956,0.135895
218,973.61,0.250,-12.292,0.0214,4.0736,30.9200,0.0000,0.0000,0.0000,0.0000,58.8129,3.6560,5.9547,0.0801,0.0000,0.5764,0.0000,0.0000,0.0000,0.0000,0.0000,0.0000,0.0000,0.0000,-0.211,-0.158,0.043,0.005,0.021,0.050075,0.795351,0.000000,0.001041,0.019972,0.133562
219,972.61,0.250,-12.308,0.0212,4.0762,30.8970,0.0000,0.0000,0.0000,0.0000,58.9281,3.6651,5.8546,0.0788,0.0000,0.5764,0.0000,0.0000,0.0000,0.0000,0.0000,0.0000,0.0000,0.0000,-0.209,-0.156,0.043,0.005,0.021,0.050237,0.797502,0.000000,0.001026,0.019986,0.131249
220,971.61,0.250,-12.324,0.0209,4.0789,30.8742,0.0000,0.0000,0.0000,0.0000,59.0421,3.6742,5.7556,0.0776,0.0000,0.5763,0.0000,0.0000,0.0000,0.0000,0.0000,0.0000,0.0000,0.0000,-0.206,-0.154,0.042,0.005,0.021,0.050399,0.799636,0.000000,0.001011,0.020000,0.128954
221,970.61,0.250,-12.340,0.0207,4.0815,30.8516,0.0000,0.0000,0.0000,0.0000,59.1549,3.6833,5.6574,0.0765,0.0000,0.5763,0.0000,0.0000,0.0000,0.0000,0.0000,0.0000,0.0000,0.0000,-0.203,-0.152,0.041,0.005,0.020,0.050561,0.801751,0.000000,0.000997,0.020013,0.126678
222,969.61,0.250,-12.355,0.0205,4.0842,30.8292,0.0000,0.0000,0.0000,0.0000,59.2666,3.6924,5.5602,0.0753,0.0000,0.5762,0.0000,0.0000,0.0000,0.0000,0.0000,0.0000,0.0000,0.0000,-0.201,-0.150,0.041,0.005,0.020,0.050723,0.803848,0.000000,0.000982,0.020026,0.124421
223,968.61,0.250,-12.371,0.0202,4.0868,30.8070,0.0000,0.0000,0.0000,0.0000,59.3772,3.7015,5.4640,0.0742,0.0000,0.5762,0.0000,0.0000,0.0000,0.0000,0.0000,0.0000,0.0000,0.0000,-0.198,-0.148,0.040,0.005,0.020,0.050884,0.805927,0.000000,0.000969,0.020038,0.122183
224,967.61,0.250,-12.387,0.0200,4.0893,30.7851,0.0000,0.0000,0.0000,0.0000,59.4866,3.7106,5.3686,0.0731,0.0000,0.5761,0.0000,0.0000,0.0000,0.0000,0.0000,0.0000,0.0000,0.0000,-0.196,-0.146,0.040,0.005,0.020,0.051046,0.807988,0.000000,0.000955,0.020049,0.119963
225,966.61,0.250,-12.403,0.0197,4.0919,30.7632,0.0000,0.0000,0.0000,0.0000,59.5952,3.7197,5.2738,0.0721,0.0000,0.5760,0.0000,0.0000,0.0000,0.0000,0.0000,0.0000,0.0000,0.0000,-0.192,-0.143,0.039,0.005,-58597111572763126809086010595051239194122179402678463548481089545699328.000,0.051208,0.810039,0.000000,0.000942,0.020059,0.117752
226,965.61,0.250,-12.419,0.0196,4.0944,30.7417,0.0000,0.0000,0.0000,0.0000,59.7021,3.7288,5.1805,0.0710,0.0000,0.5758,0.0000,0.0000,0.0000,0.0000,0.0000,0.0000,0.0000,0.0000,-0.191,-0.143,0.039,0.005,0.019,0.051369,0.812058,0.000000,0.000929,0.020069,0.115576
227,964.61,0.250,-12.435,0.0193,4.0970,30.7204,0.0000,0.0000,0.0000,0.0000,59.8081,3.7379,5.0878,0.0700,0.0000,0.5757,0.0000,0.0000,0.0000,0.0000,0.0000,0.0000,0.0000,0.0000,-0.188,-0.140,0.038,0.005,0.019,0.051530,0.814066,0.000000,0.000917,0.020078,0.113409
228,963.61,0.250,-12.451,0.0191,4.0995,30.6992,0.0000,0.0000,0.0000,0.0000,59.9131,3.7471,4.9960,0.0690,0.0000,0.5755,0.0000,0.0000,0.0000,0.0000,0.0000,0.0000,0.0000,0.0000,-0.185,-0.138,0.038,0.005,0.019,0.051692,0.816058,0.000000,0.000904,0.020086,0.111260
229,962.61,0.250,-12.467,0.0188,4.1020,30.6782,0.0000,0.0000,0.0000,0.0000,60.0171,3.7563,4.9050,0.0681,0.0000,0.5754,0.0000,0.0000,0.0000,0.0000,0.0000,0.0000,0.0000,0.0000,-0.183,-0.136,0.038,0.005,0.018,0.051854,0.818032,0.000000,0.000892,0.020094,0.109128
230,961.61,0.250,-12.483,0.0186,4.1044,30.6575,0.0000,0.0000,0.0000,0.0000,60.1199,3.7655,4.8148,0.0671,0.0000,0.5752,0.0000,0.0000,0.0000,0.0000,0.0000,0.0000,0.0000,0.0000,-0.180,-0.135,0.037,0.005,0.018,0.052017,0.819989,0.000000,0.000881,0.020101,0.107013
231,960.61,0.250,-12.499,0.0184,4.1069,30.6369,0.0000,0.0000,0.0000,0.0000,60.2217,3.7747,4.7255,0.0662,0.0000,0.5750,0.0000,0.0000,0.0000,0.0000,0.0000,0.0000,0.0000,0.0000,-0.178,-0.133,0.037,0.004,0.018,0.052179,0.821929,0.000000,0.000869,0.020107,0.104915
232,959.61,0.250,-12.515,0.0182,4.1093,30.6165,0.0000,0.0000,0.0000,0.0000,60.3224,3.7840,4.6370,0.0653,0.0000,0.5747,0.0000,0.0000,0.0000,0.0000,0.0000,0.0000,0.0000,0.0000,-0.175,-0.131,0.036,0.004,0.018,0.052342,0.823852,0.000000,0.000858,0.020113,0.102835
233,958.61,0.250,-12.531,0.0179,4.1117,30.5963,0.0000,0.0000,0.0000,0.0000,60.4221,3.7933,4.5493,0.0645,0.0000,0.5745,0.0000,0.0000,0.0000,0.0000,0.0000,0.0000,0.0000,0.0000,-0.173,-0.129,0.036,0.004,0.018,0.052506,0.825758,0.000000,0.000847,0.020118,0.100771
234,957.61,0.250,-12.547,0.0177,4.1141,30.5763,0.0000,0.0000,0.0000,0.0000,60.5207,3.8027,4.4625,0.0636,0.0000,0.5743,0.0000,0.0000,0.0000,0.0000,0.0000,0.0000,0.0000,0.0000,-0.171,-0.127,0.035,0.004,-55081808168824534263356890206238334387706113849808571200234034493915136.000,0.052670,0.827648,0.000000,0.000837,0.020122,0.098723
235,956.61,0.250,-12.563,0.0175,4.1165,30.5564,0.0000,0.0000,0.0000,0.0000,60.6183,3.8121,4.3764,0.0628,0.0000,0.5740,0.0000,0.0000,0.0000,0.0000,0.0000,0.0000,0.0000,0.0000,-0.168,-0.126,0.035,0.004,0.017,0.052834,0.829521,0.000000,0.000826,0.020126,0.096693
236,955.61,0.250,-12.579,0.0173,4.1188,30.5368,0.0000,0.0000,0.0000,0.0000,60.7149,3.8215,4.2911,0.0620,0.0000,0.5737,0.0000,0.0000,0.0000,0.0000,0.0000,0.0000,0.0000,0.0000,-0.166,-0.124,0.034,0.004,0.017,0.052999,0.831377,0.000000,0.000816,0.020129,0.094678
237,954.61,0.250,-12.595,0.0171,4.1212,30.5173,0.0000,0.0000,0.0000,0.0000,60.8104,3.8310,4.2066,0.0612,0.0000,0.5734,0.0000,0.0000,0.0000,0.0000,0.0000,0.0000,0.0000,0.0000,-0.164,-0.122,0.034,0.004,0.017,0.053165,0.833217,0.000000,0.000806,0.020131,0.092680
238,953.61,0.250,-12.612,0.0168,4.1235,30.4980,0.0000,0.0000,0.0000,0.0000,60.9050,3.8406,4.1229,0.0604,0.0000,0.5731,0.0000,0.0000,0.0000,0.0000,0.0000,0.0000,0.0000,0.0000,-0.161,-0.120,0.033,0.004,0.016,0.053331,0.835040,0.000000,0.000797,0.020133,0.090699
239,952.61,0.250,-12.628,0.0166,4.1258,30.4788,0.0000,0.0000,0.0000,0.0000,60.9990,3.8502,4.0396,0.0597,0.0000,0.5728,0.0000,0.0000,0.0000,0.0000,0.0000,0.0000,0.0000,0.0000,-0.158,-0.118,0.033,0.004,-52722455924501040550600756638838618868771839763406735013995139712417792.000,0.053499,0.836856,0.000000,0.000787,0.020135,0.088723
240,951.61,0.250,-12.644,0.0165,4.1281,30.4599,0.0000,0.0000,0.0000,0.0000,61.0910,3.8599,3.9578,0.0589,0.0000,0.5724,0.0000,0.0000,0.0000,0.0000,0.0000,0.0000,0.0000,0.0000,-0.157,-0.117,0.033,0.004,0.016,0.053666,0.838638,0.000000,0.000778,0.020135,0.086783
241,950.61,0.250,-12.660,0.0162,4.1304,30.4412,0.0000,0.0000,0.0000,0.0000,61.1826,3.8696,3.8764,0.0582,0.0000,0.5721,0.0000,0.0000,0.0000,0.0000,0.0000,0.0000,0.0000,0.0000,-0.154,-0.115,0.032,0.004,0.016,0.053834,0.840413,0.000000,0.000769,0.020135,0.084849
242,949.61,0.250,-12.677,0.0159,4.1326,30.4225,0.0000,0.0000,0.0000,0.0000,61.2736,3.8794,3.7953,0.0575,0.0000,0.5717,0.0000,0.0000,0.0000,0.0000,0.0000,0.0000,0.0000,0.0000,-0.152,-0.113,0.031,0.004,-51407652010238025665322503009233979435727543493789412567170216521367552.000,0.054004,0.842180,0.000000,0.000760,0.020134,0.082921
243,948.61,0.250,-12.693,0.0158,4.1349,30.4041,0.0000,0.0000,0.0000,0.0000,61.3627,3.8892,3.7158,0.0568,0.0000,0.5713,0.0000,0.0000,0.0000,0.0000,0.0000,0.0000,0.0000,0.0000,-0.151,-0.112,0.031,0.004,0.015,0.054174,0.843913,0.000000,0.000752,0.020133,0.081029
244,947.61,0.250,-12.709,0.0156,4.1371,30.3859,0.0000,0.0000,0.0000,0.0000,61.4513,3.8992,3.6366,0.0562,0.0000,0.5709,0.0000,0.0000,0.0000,0.0000,0.0000,0.0000,0.0000,0.0000,-0.148,-0.110,0.031,0.004,0.015,0.054345,0.845640,0.000000,0.000744,0.020131,0.079142
245,946.61,0.250,-12.726,0.0154,4.1393,30.3678,0.0000,0.0000,0.0000,0.0000,61.5389,3.9092,3.5581,0.0555,0.0000,0.5705,0.0000,0.0000,0.0000,0.0000,0.0000,0.0000,0.0000,0.0000,-0.146,-0.109,0.030,0.004,-50254323868240446510389531450793993078064717350012330756939538212323328.000,0.054516,0.847350,0.000000,0.000735,0.020128,0.077270
246,945.61,0.250,-12.742,0.0152,4.1415,30.3498,0.0000,0.0000,0.0000,0.0000,61.6256,3.9192,3.4804,0.0549,0.0000,0.5701,0.0000,0.0000,0.0000,0.0000,0.0000,0.0000,0.0000,0.0000,-0.144,-0.107,0.030,0.004,0.015,0.054689,0.849045,0.000000,0.000727,0.020125,0.075414
247,944.61,0.250,-12.759,0.0150,4.1436,30.3321,0.0000,0.0000,0.0000,0.0000,61.7113,3.9294,3.4033,0.0543,0.0000,0.5696,0.0000,0.0000,0.0000,0.0000,0.0000,0.0000,0.0000,0.0000,-0.141,-0.106,0.029,0.004,0.015,0.054863,0.850724,0.000000,0.000720,0.020121,0.073573
248,943.61,0.250,-12.775,0.0132,4.1463,30.3086,0.0000,0.0000,0.0000,0.0000,61.7975,3.9677,3.3004,0.0540,0.0000,0.5717,0.0000,0.0000,0.0000,0.0000,0.0000,0.0000,0.0000,0.0000,-0.125,-0.093,0.026,0.003,0.013,0.055440,0.852571,0.000000,0.000717,0.020209,0.071062
249,942.61,0.250,-12.792,0.0129,4.1490,30.2849,0.0000,0.0000,0.0000,0.0000,61.8828,4.0085,3.1961,0.0538,0.0000,0.5739,0.0000,0.0000,0.0000,0.0000,0.0000,0.0000,0.0000,0.0000,-0.122,-0.091,0.025,0.003,0.013,0.056054,0.854416,0.000000,0.000715,0.020304,0.068511
250,941.61,0.250,-12.808,0.0127,4.1517,30.2612,0.0000,0.0000,0.0000,0.0000,61.9669,4.0502,3.0919,0.0536,0.0000,0.5762,0.0000,0.0000,0.0000,0.0000,0.0000,0.0000,0.0000,0.0000,-0.120,-0.089,0.025,0.003,0.012,0.056682,0.856247,0.000000,0.000712,0.020400,0.065958
251,940.61,0.250,-12.825,0.0125,4.1544,30.2376,0.0000,0.0000,0.0000,0.0000,62.0498,4.0928,2.9879,0.0534,0.0000,0.5785,0.0000,0.0000,0.0000,0.0000,0.0000,0.0000,0.0000,0.0000,-0.117,-0.088,0.024,0.003,0.012,0.057323,0.858063,0.000000,0.000710,0.020498,0.063406
252,939.61,0.250,-12.841,0.0123,4.1571,30.2140,0.0000,0.0000,0.0000,0.0000,62.1314,4.1362,2.8843,0.0532,0.0000,0.5808,0.0000,0.0000,0.0000,0.0000,0.0000,0.0000,0.0000,0.0000,-0.115,-0.086,0.024,0.003,0.012,0.057976,0.859862,0.000000,0.000708,0.020597,0.060857
253,938.61,0.250,-12.858,0.0121,4.1598,30.1906,0.0000,0.0000,0.0000,0.0000,62.2117,4.1804,2.7810,0.0530,0.0000,0.5832,0.0000,0.0000,0.0000,0.0000,0.0000,0.0000,0.0000,0.0000,-0.113,-0.084,0.024,0.003,-44611465671558813004955559155105888248332305631595753606698322626609152.000,0.058642,0.861642,0.000000,0.000706,0.020697,0.058314
254,937.61,0.250,-12.875,0.0119,4.1624,30.1672,0.0000,0.0000,0.0000,0.0000,62.2906,4.2254,2.6783,0.0529,0.0000,0.5856,0.0000,0.0000,0.0000,0.0000,0.0000,0.0000,0.0000,0.0000,-0.111,-0.083,0.023,0.003,-44664311392309073937063446548529844280090469672530942813996362424647680.000,0.059318,0.863402,0.000000,0.000705,0.020797,0.055778
255,936.61,0.250,-12.891,0.0116,4.1651,30.1440,0.0000,0.0000,0.0000,0.0000,62.3681,4.2710,2.5762,0.0527,0.0000,0.5880,0.0000,0.0000,0.0000,0.0000,0.0000,0.0000,0.0000,0.0000,-0.108,-0.081,0.023,0.003,0.011,0.060005,0.865141,0.000000,0.000703,0.020898,0.053253
256,935.61,0.250,-12.908,0.0114,4.1677,30.1210,0.0000,0.0000,0.0000,0.0000,62.4441,4.3173,2.4747,0.0526,0.0000,0.5904,0.0000,0.0000,0.0000,0.0000,0.0000,0.0000,0.0000,0.0000,-0.106,-0.079,0.022,0.003,0.011,0.060701,0.866858,0.000000,0.000702,0.021000,0.050739
257,934.61,0.250,-12.925,0.0112,4.1703,30.0981,0.0000,0.0000,0.0000,0.0000,62.5186,4.3641,2.3739,0.0524,0.0000,0.5928,0.0000,0.0000,0.0000,0.0000,0.0000,0.0000,0.0000,0.0000,-0.104,-0.078,0.022,0.003,0.011,0.061406,0.868552,0.000000,0.000701,0.021102,0.048240
258,933.61,0.250,-12.941,0.0110,4.1729,30.0754,0.0000,0.0000,0.0000,0.0000,62.5916,4.4115,2.2740,0.0523,0.0000,0.5952,0.0000,0.0000,0.0000,0.0000,0.0000,0.0000,0.0000,0.0000,-0.102,-0.076,0.021,0.003,0.011,0.062119,0.870222,0.000000,0.000700,0.021203,0.045755
259,932.61,0.250,-12.958,0.0108,4.1755,30.0529,0.0000,0.0000,0.0000,0.0000,62.6631,4.4594,2.1748,0.0522,0.0000,0.5976,0.0000,0.0000,0.0000,0.0000,0.0000,0.0000,0.0000,0.0000,-0.100,-0.074,0.021,0.003,0.010,0.062841,0.871868,0.000000,0.000698,0.021305,0.043288
260,931.61,0.250,-12.975,0.0105,4.1780,30.0307,0.0000,0.0000,0.0000,0.0000,62.7329,4.5077,2.0766,0.0521,0.0000,0.6000,0.0000,0.0000,0.0000,0.0000,0.0000,0.0000,0.0000,0.0000,-0.097,-0.073,0.020,0.003,0.010,0.063569,0.873488,0.000000,0.000698,0.021407,0.040838
261,930.61,0.250,-12.992,0.0103,4.1805,30.0086,0.0000,0.0000,0.0000,0.0000,62.8013,4.5565,1.9792,0.0520,0.0000,0.6024,0.0000,0.0000,0.0000,0.0000,0.0000,0.0000,0.0000,0.0000,-0.095,-0.071,0.020,0.002,0.010,0.064305,0.875082,0.000000,0.000697,0.021509,0.038408
262,929.61,0.250,-13.009,0.0101,4.1830,29.9867,0.0000,0.0000,0.0000,0.0000,62.8680,4.6057,1.8829,0.0519,0.0000,0.6048,0.0000,0.0000,0.0000,0.0000,0.0000,0.0000,0.0000,0.0000,-0.093,-0.070,0.020,0.002,0.010,0.065046,0.876650,0.000000,0.000696,0.021610,0.035997
263,928.61,0.250,-13.026,0.0099,4.1855,29.9651,0.0000,0.0000,0.0000,0.0000,62.9331,4.6553,1.7875,0.0518,0.0000,0.6072,0.0000,0.0000,0.0000,0.0000,0.0000,0.0000,0.0000,0.0000,-0.091,-0.068,0.019,0.002,0.010,0.065794,0.878192,0.000000,0.000695,0.021711,0.033607
264,927.61,0.250,-13.043,0.0097,4.1879,29.9437,0.0000,0.0000,0.0000,0.0000,62.9967,4.7053,1.6931,0.0517,0.0000,0.6096,0.0000,0.0000,0.0000,0.0000,0.0000,0.0000,0.0000,0.0000,-0.089,-0.067,0.019,0.002,0.009,0.066548,0.879707,0.000000,0.000695,0.021812,0.031239
265,926.61,0.250,-13.060,0.0095,4.1904,29.9225,0.0000,0.0000,0.0000,0.0000,63.0586,4.7556,1.5997,0.0517,0.0000,0.6119,0.0000,0.0000,0.0000,0.0000,0.0000,0.0000,0.0000,0.0000,-0.088,-0.065,0.018,0.002,0.009,0.067307,0.881195,0.000000,0.000694,0.021912,0.028893
266,925.61,0.250,-13.076,0.0094,4.1928,29.9016,0.0000,0.0000,0.0000,0.0000,63.1190,4.8062,1.5073,0.0516,0.0000,0.6143,0.0000,0.0000,0.0000,0.0000,0.0000,0.0000,0.0000,0.0000,-0.086,-0.064,0.018,0.002,0.009,0.068071,0.882655,0.000000,0.000694,0.022011,0.026569
267,924.61,0.250,-13.093,0.0250,4.2129,29.6082,0.0000,0.0000,0.0000,0.0000,64.1524,4.9250,0.0000,0.0496,0.0000,1.2648,0.0000,0.0000,0.0000,0.0000,0.0000,0.0000,0.0000,0.0000,-0.225,-0.167,0.048,0.006,-2232822701425283797699507123956236012840462832898395055861141010278728597504.000,0.070444,0.905997,0.000000,0.000674,0.045769,-0.022885
