"System Thermodynamic Data:"   "liquid1 thermodynamic data and composition:" "clinopyroxene1 thermodynamic data and composition:" "clinopyroxene2 thermodynamic data and composition:" "clinopyroxene3 thermodynamic data and composition:" "fluid1 thermodynamic data and composition:" "olivine1 thermodynamic data and composition:" "plagioclase1 thermodynamic data and composition:" "spinel1 thermodynamic data and composition:" "tridymite1 thermodynamic data and composition:" 
index Pressure Temperature mass mass mass mass mass mass mass mass mass 
1 250.00 1190.61 100.455630 2.191487 0.002223 0.002223 0.000081 0.548334 0.144700 0.007557 0.043219 
2 250.00 1189.61 100.104313 0.744775 0.052050 0.000144 0.241516 0.354099 0.004153 0.046023 
3 250.00 1188.61 98.595821 0.725378 0.108170 0.000208 0.237057 0.962113 0.004149 0.045778 
4 250.00 1187.61 97.750485 0.706849 0.106174 0.000271 0.232732 0.607763 0.004147 0.045461 
5 250.00 1186.61 96.922023 0.689146 0.104241 0.000335 0.228534 0.595353 0.004146 0.045075 
6 250.00 1185.61 96.109934 0.672229 0.102371 0.000399 0.224459 0.583311 0.004147 0.044625 
7 250.00 1184.61 95.313740 0.202079 0.100561 0.000464 0.543114 0.571621 0.001990 0.044118 
8 250.00 1183.61 94.532976 0.546167 0.098811 0.000528 0.098920 0.560270 0.006333 0.043560 
9 250.00 1182.61 91.401896 0.530715 0.097119 0.000593 0.096166 0.943115 0.004159 0.042960 
10 250.00 1181.61 90.143440 0.515917 0.095484 0.000658 0.093525 0.518379 0.004168 0.042323 
11 250.00 1180.61 88.916757 0.501738 0.093905 0.000724 0.090993 0.506004 0.004181 0.041658 
12 250.00 1179.61 87.720421 0.488144 0.092382 0.000790 0.088562 0.494185 0.003848 0.040970 
13 250.00 1178.61 86.553077 0.475105 0.090915 0.000856 0.086227 0.482897 0.005384 0.040266 
14 250.00 1177.61 85.413432 0.462590 0.089503 0.000923 0.083983 0.472116 0.003951 0.039551 
15 250.00 1176.61 83.774509 0.450574 0.088147 0.000990 0.081824 0.897713 0.003965 0.038829 
16 250.00 1175.61 82.615368 0.439031 0.086847 0.001057 0.079748 0.520174 0.004110 0.038105 
17 250.00 1174.61 81.488151 0.427937 0.085604 0.001126 0.077748 0.506465 0.004266 0.037383 
18 250.00 1173.61 80.391523 0.417269 0.084420 0.001194 0.075821 0.493321 0.004286 0.036664 
19 250.00 1172.61 79.324222 0.407008 0.083296 0.001264 0.073963 0.480711 0.004309 0.035952 
20 250.00 1171.61 78.285056 0.397133 0.082232 0.001334 0.072171 0.468609 0.004337 0.039840 
21 250.00 1170.61 77.272896 0.387627 0.081231 0.001405 0.070440 0.456984 0.004369 
22 250.00 1169.61 76.286669 0.378472 0.080293 0.001480 0.068769 0.445815 0.004407 
23 250.00 1168.61 75.325362 0.369651 0.079418 0.001563 0.067153 0.435076 0.004450 
24 250.00 1167.61 74.388010 0.361151 0.078608 0.001670 0.065590 0.424747 0.004499 
25 250.00 1166.61 73.473699 0.352956 0.077862 0.001787 0.064078 0.414806 0.004556 
26 250.00 1165.61 72.581560 0.345054 0.077178 0.001902 0.062612 0.405234 0.004622 
27 250.00 1164.61 71.710766 0.337431 0.076556 0.002015 0.061191 0.396014 0.004697 
28 250.00 1163.61 70.860530 0.330076 0.075993 0.002125 0.059813 0.387129 0.004782 
29 250.00 1162.61 70.030104 0.322979 0.075581 0.002233 0.058475 0.378561 0.004880 
30 250.00 1161.61 69.218774 0.316127 0.075112 0.002339 0.057175 0.370297 0.004993 
31 250.00 1160.61 68.425860 0.309513 0.074714 0.002444 0.055910 0.362322 0.005121 
32 250.00 1159.61 67.650713 0.303127 0.074365 0.002546 0.054678 0.354624 0.005267 
33 250.00 1158.61 66.892713 0.296960 0.074060 0.002647 0.053478 0.347189 0.005433 
34 250.00 1157.61 66.151271 0.291004 0.073797 0.002747 0.052307 0.340005 0.005621 
35 250.00 1156.61 65.425819 0.285252 0.073571 0.002845 0.051162 0.333062 0.005833 
36 250.00 1155.61 64.715818 0.279699 0.073380 0.002943 0.050043 0.326350 0.006071 
37 250.00 1154.61 64.020751 0.274336 0.073220 0.003039 0.048946 0.319857 0.006336 
38 250.00 1153.61 63.340122 0.269159 0.073088 0.003133 0.047869 0.313575 0.006629 
39 250.00 1152.61 62.673457 0.264163 0.072981 0.003227 0.046810 0.307495 0.006951 
40 250.00 1151.61 62.020302 0.259344 0.072898 0.003320 0.045767 0.301608 0.007302 
41 250.00 1150.61 61.380220 0.254698 0.072839 0.003413 0.044737 0.295906 0.007681 
42 250.00 1149.61 60.752793 0.250222 0.072802 0.003504 0.043717 0.290383 0.008087 
43 250.00 1148.61 60.137618 0.245915 0.072792 0.003595 0.042703 0.285031 0.008544 
44 250.00 1147.61 59.534310 0.241775 0.072816 0.003685 0.041692 0.279843 0.009000 
45 250.00 1146.61 58.942496 0.246635 0.072888 0.003775 0.039738 0.274812 0.009483 
46 250.00 1145.61 58.361818 0.236552 0.073038 0.003864 0.039359 0.269934 0.009989 
47 250.00 1144.61 57.791932 0.232931 0.073325 0.003953 0.038310 0.265201 0.010514 
48 250.00 1143.61 57.232503 0.229499 0.073886 0.004041 0.037238 0.260610 0.011057 
49 250.00 1142.61 56.683211 0.226270 0.075094 0.004130 0.036130 0.256154 0.011617 
50 250.00 1141.61 56.143744 0.223263 0.078335 0.004218 0.034970 0.251829 0.012191 
51 250.00 1140.61 55.613801 0.002216 0.091248 0.004306 0.001595 0.247631 0.012778 
52 250.00 1139.61 55.093087 0.438876 0.124855 0.004393 0.063626 0.243556 0.013377 
53 250.00 1138.61 54.566635 0.215985 0.139058 0.004481 0.030898 0.238914 0.013986 
54 250.00 1137.61 54.059381 0.214536 0.133676 0.004569 0.029095 0.235509 0.014605 
55 250.00 1136.61 53.560551 0.214207 0.128586 0.004657 0.026678 0.231764 0.015234 
56 250.00 1135.61 53.069868 0.203977 0.123770 0.004745 0.001107 0.228130 0.015875 
57 250.00 1134.61 52.587054 0.476784 0.119208 0.004753 0.014305 0.224607 0.016531 
58 250.00 1133.61 52.111825 0.205415 0.114885 0.004990 0.193990 0.221194 0.017211 
59 250.00 1132.61 52.111875 0.202777 0.110784 0.005073 0.054080 0.002730 0.017927 
60 250.00 1131.61 51.180236 0.163617 0.106891 0.005156 0.053534 0.430926 0.018705 
61 250.00 1130.61 50.725931 0.122601 0.103193 0.005240 0.052992 0.211627 0.019600 
62 250.00 1129.61 50.277789 0.120501 0.099678 0.005386 0.175066 0.208714 0.020730 
63 250.00 1128.61 49.835070 0.118455 0.096334 0.005468 0.048803 0.206031 0.022421 
64 250.00 1127.61 49.395555 0.116463 0.093151 0.005551 0.048286 0.234520 0.025878 
65 250.00 1126.61 48.559300 0.114522 0.090120 0.005635 0.047773 0.366181 0.037754 
66 250.00 1125.61 48.118978 0.112630 0.087231 0.005719 0.047260 0.237740 0.067927 
67 250.00 1124.61 47.685806 0.110785 0.084475 0.005804 0.046764 0.233221 0.081865 
68 250.00 1123.61 47.254722 0.108986 0.081846 0.005889 0.001850 0.218108 0.078806 
69 250.00 1122.61 46.825951 0.107231 0.079335 0.006117 0.028831 0.202769 0.075911 
70 250.00 1121.61 46.404776 0.105517 0.076937 0.006212 0.033019 0.199258 0.073170 
71 250.00 1120.61 45.990979 0.103844 0.074644 0.006308 0.032813 0.195841 0.070571 
72 250.00 1119.61 45.584349 0.102210 0.072452 0.006405 0.032602 0.192516 0.068105 
73 250.00 1118.61 45.184680 0.100613 0.070353 0.006504 0.032386 0.189281 0.065765 
74 250.00 1117.61 44.791772 0.099051 0.068344 0.006603 0.032165 0.186131 0.063541 
75 250.00 1116.61 44.405432 0.097523 0.066420 0.006603 0.031941 0.183064 0.061426 
76 250.00 1115.61 44.025470 0.096027 0.064576 0.006863 0.031712 0.180078 0.059414 
77 250.00 1114.61 43.651701 0.094561 0.062808 0.006980 0.031480 0.177170 0.057499 
78 250.00 1113.61 43.283941 0.093123 0.061112 0.007099 0.031245 0.174338 0.055673 
79 250.00 1112.61 42.922013 0.091712 0.059484 0.007219 0.031006 0.171580 0.053932 
80 250.00 1111.61 42.565738 0.090325 0.057921 0.007342 0.030764 0.168894 0.052272 
81 250.00 1110.61 42.214942 0.088962 0.056419 0.007467 0.030520 0.166278 0.050686 
82 250.00 1109.61 41.869450 0.087620 0.054977 0.007595 0.030274 0.163732 0.049171 
83 250.00 1108.61 41.529087 0.086298 0.053590 0.007724 0.030025 0.161253 0.047723 
84 250.00 1107.61 41.193680 0.084994 0.052256 0.007856 0.029774 0.158841 0.046338 
85 250.00 1106.61 40.863053 0.083707 0.007991 0.029521 0.156494 0.045013 
86 250.00 1105.61 40.537030 0.082436 0.008129 0.029267 0.154212 0.043743 
87 250.00 1104.61 40.215435 0.081607 0.008269 0.029012 0.151994 0.042527 
88 250.00 1103.61 39.898091 0.080268 0.008412 0.028755 0.149839 0.041361 
89 250.00 1102.61 39.584821 0.079035 0.008559 0.028498 0.147747 0.040243 
90 250.00 1101.61 39.275451 0.077815 0.008708 0.028240 0.145716 0.039169 
91 250.00 1100.61 38.969808 0.076607 0.008861 0.027981 0.143746 0.038139 
92 250.00 1099.61 38.667722 0.075410 0.009017 0.027722 0.141835 0.037149 
93 250.00 1098.61 38.369030 0.074224 0.009177 0.027462 0.139983 0.036198 
94 250.00 1097.61 38.073573 0.073049 0.009340 0.027202 0.138187 0.035283 
95 250.00 1096.61 37.780288 0.071884 0.009508 0.026943 0.136727 0.034403 
96 250.00 1095.61 37.490132 0.070729 0.009679 0.026683 0.134980 0.033557 
97 250.00 1094.61 37.202767 0.069584 0.009855 0.001910 0.133347 0.032741 
98 250.00 1093.61 36.918061 0.068449 0.010035 0.050781 0.131763 0.031956 
99 250.00 1092.61 36.635888 0.067323 0.010219 0.025904 0.130227 0.003675 
100 250.00 1091.61 36.356133 0.066205 0.010408 0.025646 0.128738 0.048872 
101 250.00 1090.61 36.078685 0.065095 0.010601 0.025389 0.127293 0.023921 
102 250.00 1089.61 35.803444 0.063990 0.010800 0.025132 0.125890 0.023466 
103 250.00 1088.61 35.530313 0.062887 0.011003 0.024876 0.124528 0.023021 
104 250.00 1087.61 35.259204 0.061779 0.011003 0.024622 0.123204 0.039406 
105 250.00 1086.61 34.990034 0.060651 0.011428 0.024368 0.121918 0.027670 
106 250.00 1085.61 34.722722 0.059475 0.011647 0.024115 0.120668 0.027076 
107 250.00 1084.61 34.457192 0.058165 0.011873 0.023755 0.119454 0.026501 
108 250.00 1083.61 34.193365 0.056414 0.012104 0.023719 0.118275 0.025947 
109 250.00 1082.61 33.931154 0.052533 0.012342 0.023362 0.117131 0.025410 
110 250.00 1081.61 33.670460 0.044003 0.012585 0.023113 0.116026 0.024892 
111 250.00 1080.61 33.411152 0.039497 0.012835 0.022866 0.114965 0.020834 
112 250.00 1079.61 33.153041 0.039257 0.013091 0.022620 0.113959 0.018991 
113 250.00 1078.61 32.895815 0.039003 0.013354 0.022374 0.113031 0.018642 
114 250.00 1077.61 32.638884 0.038737 0.013623 0.022130 0.112237 0.018302 
115 250.00 1076.61 32.380890 0.038461 0.013901 0.021888 0.111727 0.017969 
116 250.00 1075.61 32.117646 0.038177 0.014184 0.021646 0.112064 0.017645 
117 250.00 1074.61 31.829301 0.037885 0.014475 0.021405 0.116367 0.002193 
118 250.00 1073.61 31.473102 0.037589 0.014773 0.021166 0.129242 0.043861 
119 250.00 1072.61 31.088279 0.037287 0.015078 0.020928 0.134372 0.018881 
120 250.00 1071.61 30.715022 0.036982 0.015390 0.020691 0.131472 0.018482 
121 250.00 1070.61 30.352781 0.036675 0.015710 0.020455 0.128681 0.018095 
122 250.00 1069.61 30.001039 0.036365 0.016037 0.020221 0.125993 0.017718 
123 250.00 1068.61 29.659310 0.036055 0.016372 0.019987 0.123403 0.017352 
124 250.00 1067.61 29.327138 0.035744 0.016714 0.019678 0.120907 0.016997 
125 250.00 1066.61 29.004096 0.035434 0.017063 0.019601 0.118499 0.016652 
126 250.00 1065.61 28.689780 0.035124 0.017420 0.019294 0.116176 0.016316 
127 250.00 1064.61 28.383810 0.034816 0.017784 0.019065 0.113933 0.015990 
128 250.00 1063.61 28.085830 0.034509 0.018155 0.018838 0.111767 0.015673 
129 250.00 1062.61 27.795500 0.034203 0.018534 0.018612 0.109674 0.015365 
130 250.00 1061.61 27.512502 0.033900 0.018919 0.018386 0.107651 0.015065 
131 250.00 1060.61 27.236535 0.033600 0.019310 0.018163 0.105694 0.014773 
132 250.00 1059.61 26.967315 0.033302 0.019711 0.017940 0.103801 0.014490 
133 250.00 1058.61 26.704572 0.033008 0.020117 0.017719 0.101969 0.014213 
134 250.00 1057.61 26.448050 0.032716 0.020529 0.017498 0.100194 0.013945 
135 250.00 1056.61 26.197509 0.032428 0.020947 0.017280 0.098475 0.013683 
136 250.00 1055.61 25.952718 0.032143 0.021371 0.017062 0.096809 0.013429 
137 250.00 1054.61 25.713460 0.031861 0.021801 0.016846 0.095194 0.013181 
138 250.00 1053.61 25.479528 0.031583 0.022237 0.016574 0.093627 0.012939 
139 250.00 1052.61 25.250726 0.031309 0.022678 0.016477 0.092107 0.012704 
140 250.00 1051.61 25.026866 0.031038 0.023123 0.016207 0.090631 0.012475 
141 250.00 1050.61 24.807773 0.030772 0.023574 0.015943 0.089199 0.012252 
142 250.00 1049.61 24.593275 0.030509 0.024029 0.015844 0.087808 0.012034 
143 250.00 1048.61 24.383212 0.160446 0.024487 0.015583 0.086456 0.011822 
144 250.00 1047.61 24.177430 0.064392 0.024950 0.015378 0.085142 0.011616 
145 250.00 1046.61 23.975783 0.063314 0.025415 0.015174 0.083864 0.011415 
146 250.00 1045.61 23.778131 0.062273 0.025886 0.014973 0.082622 0.002213 
147 250.00 1044.61 23.584339 0.061268 0.026359 0.013228 0.081413 0.020036 
148 250.00 1043.61 23.394281 0.060296 0.026833 0.012937 0.080237 0.010840 
149 250.00 1042.61 23.207834 0.059358 0.027311 0.012726 0.079091 0.010658 
150 250.00 1041.61 23.024881 0.139536 0.027791 0.012512 0.077976 0.010480 
151 250.00 1040.61 23.003355 0.030133 0.028273 0.012294 0.013036 0.010307 
152 250.00 1039.61 22.539536 0.029495 0.028756 0.012075 0.227172 0.010138 
153 250.00 1038.61 22.374970 0.028880 0.029240 0.011854 0.093255 0.009973 
154 250.00 1037.61 22.212745 0.028287 0.030653 0.011633 0.091913 0.009812 
155 250.00 1036.61 22.052821 0.027716 0.032157 0.011412 0.090597 0.009654 
156 250.00 1035.61 21.802891 0.027166 0.033695 0.011193 0.057073 0.009501 
157 250.00 1034.61 21.656930 0.026635 0.035262 0.010975 0.061338 0.009351 
158 250.00 1033.61 21.513345 0.026124 0.036850 0.010760 0.060630 0.009205 
159 250.00 1032.61 21.372061 0.025631 0.038454 0.010548 0.059941 0.009062 
160 250.00 1031.61 21.233005 0.025155 0.040070 0.010340 0.059270 0.008922 
161 250.00 1030.61 21.096108 0.024697 0.041690 0.010136 0.058616 0.008785 
162 250.00 1029.61 20.961302 0.024255 0.043312 0.009935 0.057979 0.008652 
163 250.00 1028.61 20.628372 0.023829 0.044930 0.009740 0.143438 0.008521 
164 250.00 1027.61 20.486009 0.023418 0.046542 0.009548 0.081240 0.008394 
165 250.00 1026.61 20.345618 0.023022 0.048144 0.009362 0.080131 0.008269 
166 250.00 1025.61 20.207167 0.022639 0.049732 0.024981 0.079042 0.008147 
167 250.00 1024.61 20.070634 0.022271 0.051306 0.077970 0.008028 
168 250.00 1023.61 19.935964 0.021915 0.052863 0.076925 0.007912 
169 250.00 1022.61 19.935997 0.021572 0.054401 0.002705 0.007798 
170 250.00 1021.61 19.619637 0.021241 0.055919 0.111014 0.007686 
171 250.00 1020.61 19.479936 0.020921 0.057417 0.066712 0.007577 
172 250.00 1019.61 19.342222 0.020613 0.058893 0.065966 0.007471 
173 250.00 1018.61 19.206453 0.020316 0.060760 0.065232 0.007370 
174 250.00 1017.61 19.072591 0.020030 0.064509 0.007261 
175 250.00 1016.61 18.940595 0.019753 0.063796 0.007165 
176 250.00 1015.61 18.810428 0.019486 0.063096 0.007067 
177 250.00 1014.61 18.682052 0.019229 0.062406 0.006971 
178 250.00 1013.61 18.555433 0.002352 0.061727 0.006878 
179 250.00 1012.61 18.430535 0.035695 0.061058 0.006786 
180 250.00 1011.61 18.307325 0.018509 0.060399 0.006696 
181 250.00 1010.61 18.185770 0.018286 0.059749 0.006609 
182 250.00 1009.61 18.065838 0.018071 0.059110 0.006523 
183 250.00 1008.61 17.947499 0.017864 0.058480 0.006439 
184 250.00 1007.61 17.830721 0.017664 0.057860 0.006356 
185 250.00 1006.61 17.715474 0.017471 0.057248 0.006276 
186 250.00 1005.61 17.601731 0.017285 0.056646 0.006197 
187 250.00 1004.61 17.489463 0.017106 0.056054 0.006125 
188 250.00 1003.61 17.378641 0.016907 0.055470 0.006040 
189 250.00 1002.61 17.269239 0.016793 0.054895 0.005971 
190 250.00 1001.61 17.161230 0.016605 0.054328 0.005903 
191 250.00 1000.61 17.054588 0.016450 0.053771 0.005822 
192 250.00 999.61 16.949289 0.016300 0.053222 0.005758 
193 250.00 998.61 16.845306 0.016156 0.052681 0.005690 
194 250.00 997.61 16.742617 0.016016 0.052148 0.005624 
195 250.00 996.61 16.641196 0.015882 0.051624 0.005559 
196 250.00 995.61 16.541021 0.015752 0.051108 0.007965 
197 250.00 994.61 16.442069 0.015626 0.050599 0.007970 
198 250.00 993.61 16.442097 0.015505 0.002698 0.007836 
199 250.00 992.61 16.247242 0.015388 0.097074 0.007701 
200 250.00 991.61 16.151832 0.015275 0.049120 0.007565 
201 250.00 990.61 16.057558 0.015165 0.048643 0.007428 
202 250.00 989.61 15.964401 0.015059 0.048172 0.007291 
203 250.00 988.61 15.872339 0.014957 0.047709 0.007155 
204 250.00 987.61 15.781354 0.014857 0.047252 0.007019 
205 250.00 986.61 15.691427 0.014725 0.046803 0.006885 
206 250.00 985.61 15.602539 0.014704 0.046360 0.006753 
207 250.00 984.61 15.514671 0.014577 0.045924 0.006622 
208 250.00 983.61 15.428004 0.014489 0.045431 0.006494 
209 250.00 982.61 15.341928 0.014404 0.045133 0.006369 
210 250.00 981.61 15.257020 0.014320 0.044653 0.006246 
211 250.00 980.61 15.173066 0.014240 0.044241 0.006126 
212 250.00 979.61 15.090050 0.014161 0.043835 0.006009 
213 250.00 978.61 15.007956 0.014084 0.043434 0.005895 
214 250.00 977.61 14.926771 0.014009 0.043039 0.005784 
215 250.00 976.61 14.846479 0.013936 0.042649 0.003845 
216 250.00 975.61 14.767068 0.013864 0.042263 
217 250.00 974.61 14.688524 0.013794 0.041883 
218 250.00 973.61 14.610834 0.013726 0.041507 
219 250.00 972.61 14.533987 0.013615 0.041135 
220 250.00 971.61 14.457970 0.013637 0.040767 
221 250.00 970.61 14.382772 0.013529 0.040403 
222 250.00 969.61 14.308383 0.013420 0.040042 
223 250.00 968.61 14.234792 0.013450 0.039685 
224 250.00 967.61 14.161989 0.013343 0.039332 
225 250.00 966.61 14.090124 0.013283 0.038934 
226 250.00 965.61 14.018711 0.013224 0.038680 
227 250.00 964.61 13.948218 0.013166 0.038289 
228 250.00 963.61 13.878478 0.023791 0.037947 
229 250.00 962.61 13.809482 0.024361 0.037607 
230 250.00 961.61 13.741223 0.024319 0.037270 
231 250.00 960.61 13.673693 0.024252 0.036935 
232 250.00 959.61 13.606886 0.024159 0.036602 
233 250.00 958.61 13.540794 0.024042 0.036271 
234 250.00 957.61 13.475410 0.023903 0.035942 
235 250.00 956.61 13.410728 0.023745 0.035616 
236 250.00 955.61 13.346742 0.023569 0.035291 
237 250.00 954.61 13.283444 0.023377 0.034968 
238 250.00 953.61 13.220830 0.023174 0.034647 
239 250.00 952.61 13.159028 0.022959 0.034291 
240 250.00 951.61 13.097625 0.022737 0.034048 
241 250.00 950.61 13.037023 0.022508 0.033695 
242 250.00 949.61 12.977211 0.022275 0.033347 
243 250.00 948.61 12.917788 0.022040 0.033106 
244 250.00 947.61 12.859144 0.021803 0.032761 
245 250.00 946.61 12.801141 0.021565 0.032454 
246 250.00 945.61 12.743772 0.021330 0.032148 
247 250.00 944.61 12.687033 0.022750 0.031845 
248 250.00 943.61 12.554806 0.051963 
249 250.00 942.61 12.419358 0.052613 
250 250.00 941.61 12.285045 0.052078 
251 250.00 940.61 12.152035 0.051485 
252 250.00 939.61 12.020485 0.050838 
253 250.00 938.61 11.890541 0.050141 
254 250.00 937.61 11.762333 0.049402 
255 250.00 936.61 11.635972 0.048625 
256 250.00 935.61 11.511552 0.047819 
257 250.00 934.61 11.389149 0.046990 
258 250.00 933.61 11.268821 0.046144 
259 250.00 932.61 11.150611 0.045286 
260 250.00 931.61 11.034548 0.044422 
261 250.00 930.61 10.920645 0.043557 
262 250.00 929.61 10.808908 0.042693 
263 250.00 928.61 10.699330 0.041835 
264 250.00 927.61 10.591897 0.040986 
265 250.00 926.61 10.486587 0.040147 
266 250.00 925.61 10.383372 0.039321 
267 250.00 924.61 10.253659 0.046260 
