"System Thermodynamic Data:"   "liquid1 thermodynamic data and composition:" "clinopyroxene1 thermodynamic data and composition:" "clinopyroxene2 thermodynamic data and composition:" "clinopyroxene3 thermodynamic data and composition:" "fluid1 thermodynamic data and composition:" "olivine1 thermodynamic data and composition:" "plagioclase1 thermodynamic data and composition:" "spinel1 thermodynamic data and composition:" "tridymite1 thermodynamic data and composition:" 
index Pressure Temperature V V V V V V V V V 
1 250.00 1190.61 37.549800 0.682843 0.000682 0.000682 0.001044 0.166707 0.054197 0.001679 0.019771 
2 250.00 1189.61 37.409906 0.232009 0.015944 0.001865 0.073395 0.132635 0.000922 0.021054 
3 250.00 1188.61 36.853249 0.225912 0.033125 0.002690 0.072008 0.360412 0.000920 0.020942 
4 250.00 1187.61 36.535860 0.220088 0.032504 0.003521 0.070663 0.227689 0.000919 0.020796 
5 250.00 1186.61 36.224810 0.214523 0.031903 0.004356 0.069358 0.223058 0.000918 0.020620 
6 250.00 1185.61 35.919912 0.209204 0.031322 0.005198 0.068092 0.218564 0.000918 0.020414 
7 250.00 1184.61 35.620986 0.062870 0.030759 0.006046 0.163823 0.214200 0.000440 0.020182 
8 250.00 1183.61 35.327857 0.169876 0.030215 0.006901 0.029816 0.209963 0.001400 0.019927 
9 250.00 1182.61 34.160104 0.165027 0.029689 0.007763 0.028965 0.353531 0.000919 0.019652 
10 250.00 1181.61 33.685682 0.160383 0.029181 0.008633 0.028149 0.194345 0.000920 0.019361 
11 250.00 1180.61 33.223230 0.155934 0.028690 0.009511 0.027366 0.189733 0.000922 0.019056 
12 250.00 1179.61 32.772212 0.151669 0.028216 0.010398 0.026615 0.185328 0.000847 0.018741 
13 250.00 1178.61 32.332118 0.147578 0.027760 0.011294 0.025894 0.181121 0.001185 0.018419 
14 250.00 1177.61 31.902463 0.143652 0.027321 0.012198 0.025201 0.177103 0.000869 0.018092 
15 250.00 1176.61 31.300989 0.139883 0.026899 0.013113 0.024535 0.336791 0.000872 0.017762 
16 250.00 1175.61 30.866908 0.136262 0.026494 0.014038 0.023895 0.195178 0.000903 0.017431 
17 250.00 1174.61 30.444774 0.132783 0.026107 0.014974 0.023278 0.190060 0.000937 0.017100 
18 250.00 1173.61 30.034088 0.129437 0.025739 0.015922 0.022684 0.185152 0.000940 0.016771 
19 250.00 1172.61 29.634379 0.126219 0.025388 0.016884 0.022111 0.180444 0.000945 0.016446 
20 250.00 1171.61 29.245198 0.123123 0.025056 0.017862 0.021559 0.175925 0.000951 0.018224 
21 250.00 1170.61 28.866126 0.120142 0.024744 0.018862 0.021026 0.171584 0.000957 
22 250.00 1169.61 28.496760 0.117271 0.024450 0.019905 0.020511 0.167412 0.000965 
23 250.00 1168.61 28.136720 0.114506 0.024177 0.021080 0.020014 0.163402 0.000974 
24 250.00 1167.61 27.785648 0.111841 0.023923 0.022586 0.019533 0.159544 0.000985 
25 250.00 1166.61 27.443199 0.109272 0.023688 0.024250 0.019068 0.155831 0.000997 
26 250.00 1165.61 27.109050 0.106794 0.023473 0.025889 0.018617 0.152255 0.001010 
27 250.00 1164.61 26.782890 0.104405 0.023277 0.027506 0.018180 0.148811 0.001026 
28 250.00 1163.61 26.464426 0.102099 0.023098 0.029103 0.017757 0.145491 0.001045 
29 250.00 1162.61 26.153377 0.099874 0.022966 0.030681 0.017346 0.142290 0.001066 
30 250.00 1161.61 25.849477 0.097727 0.022816 0.032242 0.016947 0.139202 0.001090 
31 250.00 1160.61 25.552471 0.095653 0.022688 0.033788 0.016559 0.136222 0.001118 
32 250.00 1159.61 25.262116 0.093651 0.022575 0.035320 0.016181 0.133345 0.001149 
33 250.00 1158.61 24.978181 0.091718 0.022475 0.036839 0.015813 0.130566 0.001185 
34 250.00 1157.61 24.700444 0.089851 0.022388 0.038348 0.015454 0.127882 0.001226 
35 250.00 1156.61 24.428694 0.088048 0.022312 0.039847 0.015104 0.125287 0.001272 
36 250.00 1155.61 24.162728 0.086306 0.022247 0.041338 0.014761 0.122777 0.001323 
37 250.00 1154.61 23.902353 0.084625 0.022191 0.042822 0.014426 0.120350 0.001381 
38 250.00 1153.61 23.647384 0.083001 0.022143 0.044300 0.014097 0.118002 0.001445 
39 250.00 1152.61 23.397643 0.081434 0.022104 0.045774 0.013774 0.115729 0.001515 
40 250.00 1151.61 23.152960 0.079923 0.022071 0.047243 0.013455 0.113528 0.001591 
41 250.00 1150.61 22.913172 0.078465 0.022046 0.048710 0.013142 0.111396 0.001673 
42 250.00 1149.61 22.678122 0.077060 0.022027 0.050176 0.012831 0.109331 0.001762 
43 250.00 1148.61 22.447659 0.075708 0.022017 0.051641 0.012523 0.107329 0.001861 
44 250.00 1147.61 22.221639 0.074408 0.022017 0.053107 0.012216 0.105389 0.001960 
45 250.00 1146.61 21.999922 0.075877 0.022031 0.054574 0.011633 0.103508 0.002065 
46 250.00 1145.61 21.782374 0.072749 0.022069 0.056044 0.011512 0.101683 0.002175 
47 250.00 1144.61 21.568866 0.071609 0.022148 0.057517 0.011196 0.099913 0.002289 
48 250.00 1143.61 21.359274 0.070528 0.022309 0.058994 0.010873 0.098196 0.002407 
49 250.00 1142.61 21.153475 0.069509 0.022667 0.060477 0.010540 0.096529 0.002529 
50 250.00 1141.61 20.951355 0.068558 0.023637 0.061966 0.010193 0.094911 0.002654 
51 250.00 1140.61 20.752798 0.000681 0.027523 0.063461 0.000465 0.093341 0.002781 
52 250.00 1139.61 20.557695 0.134656 0.037647 0.064965 0.018513 0.091816 0.002911 
53 250.00 1138.61 20.361495 0.066239 0.041916 0.066477 0.008982 0.090077 0.003044 
54 250.00 1137.61 20.171732 0.065763 0.040280 0.067999 0.008450 0.088804 0.003178 
55 250.00 1136.61 19.985121 0.065625 0.038734 0.069532 0.007741 0.087403 0.003315 
56 250.00 1135.61 19.801555 0.061912 0.037270 0.071076 0.000320 0.086043 0.003454 
57 250.00 1134.61 19.620930 0.144638 0.035884 0.071171 0.003746 0.084725 0.003596 
58 250.00 1133.61 19.443139 0.062297 0.034571 0.075429 0.050569 0.083447 0.003743 
59 250.00 1132.61 19.441819 0.061480 0.033326 0.076903 0.014085 0.001030 0.003899 
60 250.00 1131.61 19.094583 0.049590 0.032143 0.078391 0.013930 0.162610 0.004068 
61 250.00 1130.61 18.924589 0.037144 0.031021 0.079894 0.013777 0.079867 0.004261 
62 250.00 1129.61 18.756878 0.036492 0.029954 0.082594 0.045029 0.078777 0.004506 
63 250.00 1128.61 18.591158 0.035858 0.028939 0.084104 0.012542 0.077774 0.004873 
64 250.00 1127.61 18.425234 0.035240 0.027973 0.085631 0.012399 0.088586 0.005624 
65 250.00 1126.61 18.114548 0.034638 0.027053 0.087174 0.012257 0.138252 0.008202 
66 250.00 1125.61 17.948456 0.034051 0.026176 0.088734 0.012116 0.089767 0.014750 
67 250.00 1124.61 17.785092 0.033480 0.025340 0.090313 0.011979 0.088068 0.017765 
68 250.00 1123.61 17.622858 0.032922 0.024543 0.091910 0.000474 0.082369 0.017091 
69 250.00 1122.61 17.461843 0.032378 0.023782 0.096278 0.007365 0.076585 0.016453 
70 250.00 1121.61 17.303692 0.031847 0.023054 0.098086 0.008426 0.075267 0.015849 
71 250.00 1120.61 17.148324 0.031329 0.022359 0.099921 0.008365 0.073984 0.015277 
72 250.00 1119.61 16.995660 0.030822 0.021694 0.101781 0.008302 0.072736 0.014734 
73 250.00 1118.61 16.845624 0.030328 0.021058 0.103668 0.008239 0.071521 0.014220 
74 250.00 1117.61 16.698141 0.029844 0.020449 0.105586 0.008175 0.070339 0.013731 
75 250.00 1116.61 16.553140 0.029371 0.019866 0.105501 0.008110 0.069187 0.013266 
76 250.00 1115.61 16.410550 0.028908 0.019307 0.110701 0.008044 0.068066 0.012824 
77 250.00 1114.61 16.270303 0.028454 0.018772 0.113002 0.007978 0.066974 0.012404 
78 250.00 1113.61 16.132332 0.028009 0.018258 0.115351 0.007910 0.065910 0.012004 
79 250.00 1112.61 15.996570 0.027572 0.017765 0.117748 0.007843 0.064874 0.011622 
80 250.00 1111.61 15.862954 0.027143 0.017291 0.120197 0.007774 0.063865 0.011258 
81 250.00 1110.61 15.731419 0.026722 0.016837 0.122698 0.007705 0.062883 0.010911 
82 250.00 1109.61 15.601902 0.026307 0.016400 0.125255 0.007636 0.061926 0.010579 
83 250.00 1108.61 15.474340 0.025898 0.015980 0.127869 0.007566 0.060995 0.010262 
84 250.00 1107.61 15.348671 0.025495 0.015576 0.130543 0.007497 0.060089 0.009959 
85 250.00 1106.61 15.224832 0.025098 0.133278 0.007426 0.059207 0.009669 
86 250.00 1105.61 15.102761 0.024705 0.136078 0.007356 0.058350 0.009392 
87 250.00 1104.61 14.982396 0.024446 0.138943 0.007285 0.057517 0.009126 
88 250.00 1103.61 14.863674 0.024033 0.141878 0.007215 0.056707 0.008871 
89 250.00 1102.61 14.746533 0.023653 0.144884 0.007144 0.055921 0.008627 
90 250.00 1101.61 14.630914 0.023277 0.147964 0.007073 0.055158 0.008393 
91 250.00 1100.61 14.516756 0.022905 0.151121 0.007003 0.054418 0.008168 
92 250.00 1099.61 14.404000 0.022537 0.154358 0.006932 0.053700 0.007952 
93 250.00 1098.61 14.292590 0.022172 0.157676 0.006861 0.053004 0.007745 
94 250.00 1097.61 14.182471 0.021810 0.161080 0.006791 0.052329 0.007546 
95 250.00 1096.61 14.073223 0.021452 0.164571 0.006721 0.051781 0.007354 
96 250.00 1095.61 13.965240 0.021097 0.168154 0.006651 0.051125 0.007170 
97 250.00 1094.61 13.858395 0.020745 0.171831 0.000476 0.050511 0.006992 
98 250.00 1093.61 13.752641 0.020397 0.175605 0.012637 0.049916 0.006822 
99 250.00 1092.61 13.647936 0.020052 0.179479 0.006441 0.049339 0.000784 
100 250.00 1091.61 13.544238 0.019709 0.183458 0.006372 0.048779 0.010422 
101 250.00 1090.61 13.441509 0.019369 0.187543 0.006304 0.048237 0.005099 
102 250.00 1089.61 13.339714 0.019031 0.191738 0.006235 0.047710 0.005001 
103 250.00 1088.61 13.238820 0.018693 0.196046 0.006167 0.047198 0.004904 
104 250.00 1087.61 13.138794 0.018355 0.195880 0.006099 0.046701 0.008388 
105 250.00 1086.61 13.039608 0.018010 0.205049 0.006032 0.046218 0.005888 
106 250.00 1085.61 12.941233 0.017652 0.209718 0.005965 0.045748 0.005759 
107 250.00 1084.61 12.843642 0.017254 0.214516 0.005872 0.045292 0.005635 
108 250.00 1083.61 12.746808 0.016726 0.219442 0.005859 0.044849 0.005515 
109 250.00 1082.61 12.650701 0.015567 0.224502 0.005766 0.044420 0.005398 
110 250.00 1081.61 12.555287 0.013032 0.229698 0.005701 0.044005 0.005286 
111 250.00 1080.61 12.460523 0.011691 0.235034 0.005636 0.043606 0.004422 
112 250.00 1079.61 12.366349 0.011614 0.240511 0.005572 0.043228 0.004029 
113 250.00 1078.61 12.272668 0.011532 0.246133 0.005507 0.042880 0.003954 
114 250.00 1077.61 12.179296 0.011447 0.251883 0.005444 0.042583 0.003881 
115 250.00 1076.61 12.085821 0.011359 0.257822 0.005380 0.042393 0.003809 
116 250.00 1075.61 11.990968 0.011269 0.263892 0.005317 0.042525 0.003739 
117 250.00 1074.61 11.888708 0.011177 0.270117 0.005255 0.044161 0.000465 
118 250.00 1073.61 11.766089 0.011083 0.276497 0.005193 0.049051 0.009285 
119 250.00 1072.61 11.635080 0.010988 0.283033 0.005131 0.051001 0.003996 
120 250.00 1071.61 11.507893 0.010892 0.289727 0.005069 0.049904 0.003910 
121 250.00 1070.61 11.384347 0.010795 0.296579 0.005008 0.048847 0.003826 
122 250.00 1069.61 11.264276 0.010698 0.303590 0.004948 0.047830 0.003745 
123 250.00 1068.61 11.147520 0.010601 0.310759 0.004888 0.046850 0.003667 
124 250.00 1067.61 11.033932 0.010503 0.318086 0.004809 0.045906 0.003590 
125 250.00 1066.61 10.923372 0.010406 0.325571 0.004787 0.044995 0.003516 
126 250.00 1065.61 10.815708 0.010309 0.333210 0.004709 0.044116 0.003444 
127 250.00 1064.61 10.710817 0.010213 0.341004 0.004651 0.043267 0.003374 
128 250.00 1063.61 10.608582 0.010117 0.348950 0.004592 0.042448 0.003306 
129 250.00 1062.61 10.508893 0.010021 0.357045 0.004535 0.041656 0.003240 
130 250.00 1061.61 10.411645 0.009927 0.365286 0.004477 0.040890 0.003176 
131 250.00 1060.61 10.316739 0.009833 0.373645 0.004420 0.040150 0.003113 
132 250.00 1059.61 10.224084 0.009740 0.382191 0.004363 0.039434 0.003053 
133 250.00 1058.61 10.133589 0.009648 0.390847 0.004307 0.038740 0.002993 
134 250.00 1057.61 10.045172 0.009558 0.399633 0.004251 0.038069 0.002936 
135 250.00 1056.61 9.958753 0.009468 0.408544 0.004195 0.037419 0.002880 
136 250.00 1055.61 9.874256 0.009379 0.417573 0.004140 0.036788 0.002825 
137 250.00 1054.61 9.791611 0.009291 0.426717 0.004085 0.036177 0.002772 
138 250.00 1053.61 9.710750 0.009205 0.435968 0.004017 0.035585 0.002721 
139 250.00 1052.61 9.631607 0.009119 0.445320 0.003991 0.035010 0.002670 
140 250.00 1051.61 9.554121 0.009035 0.454768 0.003924 0.034451 0.002622 
141 250.00 1050.61 9.478234 0.008952 0.464304 0.003858 0.033910 0.002574 
142 250.00 1049.61 9.403890 0.008870 0.473922 0.003832 0.033383 0.002527 
143 250.00 1048.61 9.331036 0.047736 0.483616 0.003767 0.032872 0.002482 
144 250.00 1047.61 9.259620 0.019150 0.493378 0.003715 0.032375 0.002438 
145 250.00 1046.61 9.189595 0.018821 0.503174 0.003664 0.031892 0.002395 
146 250.00 1045.61 9.120915 0.018503 0.513080 0.003613 0.031422 0.000464 
147 250.00 1044.61 9.053534 0.018196 0.523007 0.003190 0.030964 0.004202 
148 250.00 1043.61 8.987411 0.017900 0.532947 0.003118 0.030519 0.002273 
149 250.00 1042.61 8.922506 0.017613 0.542978 0.003065 0.030086 0.002234 
150 250.00 1041.61 8.858780 0.041288 0.553010 0.003012 0.029664 0.002196 
151 250.00 1040.61 8.851238 0.008913 0.563064 0.002957 0.004959 0.002159 
152 250.00 1039.61 8.696536 0.008720 0.573133 0.002903 0.086423 0.002123 
153 250.00 1038.61 8.640375 0.008535 0.583212 0.002848 0.035478 0.002088 
154 250.00 1037.61 8.585016 0.008356 0.613619 0.002793 0.034969 0.002054 
155 250.00 1036.61 8.530445 0.008184 0.645953 0.002738 0.034469 0.002020 
156 250.00 1035.61 8.445316 0.008018 0.678987 0.002684 0.021718 0.001988 
157 250.00 1034.61 8.394501 0.007859 0.712584 0.002630 0.023343 0.001956 
158 250.00 1033.61 8.344477 0.007704 0.746607 0.002577 0.023076 0.001925 
159 250.00 1032.61 8.295221 0.007556 0.780925 0.002525 0.022816 0.001894 
160 250.00 1031.61 8.246708 0.007412 0.815417 0.002473 0.022563 0.001865 
161 250.00 1030.61 8.198915 0.007274 0.849970 0.002423 0.022316 0.001836 
162 250.00 1029.61 8.151821 0.007141 0.884480 0.002374 0.022076 0.001807 
163 250.00 1028.61 8.042597 0.007013 0.918858 0.002326 0.054615 0.001780 
164 250.00 1027.61 7.993930 0.006889 0.953024 0.002279 0.030934 0.001752 
165 250.00 1026.61 7.945937 0.006769 0.986909 0.002233 0.030513 0.001726 
166 250.00 1025.61 7.898604 0.006654 1.020454 0.005930 0.030099 0.001700 
167 250.00 1024.61 7.851925 0.006542 1.053610 0.029691 0.001675 
168 250.00 1023.61 7.805881 0.006435 1.086336 0.029294 0.001650 
169 250.00 1022.61 7.805366 0.006332 1.118598 0.001030 0.001626 
170 250.00 1021.61 7.697164 0.006232 1.150370 0.042286 0.001602 
171 250.00 1020.61 7.649246 0.006135 1.181630 0.025413 0.001579 
172 250.00 1019.61 7.601998 0.006042 1.212364 0.025131 0.001557 
173 250.00 1018.61 7.555406 0.005952 1.251462 0.024853 0.001535 
174 250.00 1017.61 7.509456 0.005866 0.024579 0.001512 
175 250.00 1016.61 7.464134 0.005782 0.024309 0.001492 
176 250.00 1015.61 7.419429 0.005701 0.024044 0.001471 
177 250.00 1014.61 7.375325 0.005623 0.023783 0.001451 
178 250.00 1013.61 7.331813 0.000688 0.023525 0.001431 
179 250.00 1012.61 7.288879 0.010429 0.023272 0.001412 
180 250.00 1011.61 7.246513 0.005405 0.023022 0.001393 
181 250.00 1010.61 7.204702 0.005338 0.022777 0.001374 
182 250.00 1009.61 7.163436 0.005272 0.022534 0.001356 
183 250.00 1008.61 7.122704 0.005209 0.022296 0.001338 
184 250.00 1007.61 7.082496 0.005149 0.022061 0.001321 
185 250.00 1006.61 7.042801 0.005090 0.021829 0.001304 
186 250.00 1005.61 7.003609 0.005033 0.021601 0.001287 
187 250.00 1004.61 6.964910 0.004979 0.021377 0.001272 
188 250.00 1003.61 6.926696 0.004919 0.021155 0.001254 
189 250.00 1002.61 6.888956 0.004883 0.020938 0.001240 
190 250.00 1001.61 6.851681 0.004826 0.020723 0.001225 
191 250.00 1000.61 6.814862 0.004779 0.020512 0.001208 
192 250.00 999.61 6.778491 0.004733 0.020304 0.001195 
193 250.00 998.61 6.742559 0.004689 0.020099 0.001180 
194 250.00 997.61 6.707057 0.004646 0.019897 0.001166 
195 250.00 996.61 6.671977 0.004605 0.019698 0.001153 
196 250.00 995.61 6.637311 0.004565 0.019503 0.001651 
197 250.00 994.61 6.603051 0.004526 0.019310 0.001652 
198 250.00 993.61 6.602628 0.004489 0.001030 0.001624 
199 250.00 992.61 6.535554 0.004453 0.037052 0.001595 
200 250.00 991.61 6.502468 0.004418 0.018750 0.001567 
201 250.00 990.61 6.469758 0.004384 0.018569 0.001538 
202 250.00 989.61 6.437416 0.004351 0.018390 0.001509 
203 250.00 988.61 6.405436 0.004319 0.018215 0.001480 
204 250.00 987.61 6.373812 0.004288 0.018042 0.001452 
205 250.00 986.61 6.342535 0.004248 0.017872 0.001424 
206 250.00 985.61 6.311601 0.004240 0.017704 0.001396 
207 250.00 984.61 6.281003 0.004201 0.017538 0.001369 
208 250.00 983.61 6.250798 0.004174 0.017352 0.001342 
209 250.00 982.61 6.220788 0.004147 0.017239 0.001315 
210 250.00 981.61 6.191161 0.004121 0.017057 0.001290 
211 250.00 980.61 6.161846 0.004096 0.016901 0.001265 
212 250.00 979.61 6.132838 0.004071 0.016747 0.001240 
213 250.00 978.61 6.104132 0.004047 0.016595 0.001216 
214 250.00 977.61 6.075723 0.004023 0.016445 0.001193 
215 250.00 976.61 6.047605 0.004000 0.016297 0.000793 
216 250.00 975.61 6.019775 0.003978 0.016151 
217 250.00 974.61 5.992228 0.003956 0.016007 
218 250.00 973.61 5.964959 0.003934 0.015865 
219 250.00 972.61 5.937965 0.003900 0.015724 
220 250.00 971.61 5.911242 0.003905 0.015584 
221 250.00 970.61 5.884785 0.003872 0.015446 
222 250.00 969.61 5.858592 0.003839 0.015309 
223 250.00 968.61 5.832659 0.003845 0.015174 
224 250.00 967.61 5.806983 0.003813 0.015040 
225 250.00 966.61 5.781614 0.003794 0.014889 
226 250.00 965.61 5.756390 0.003775 0.014793 
227 250.00 964.61 5.731468 0.003757 0.014645 
228 250.00 963.61 5.706791 0.006784 0.014515 
229 250.00 962.61 5.682358 0.006943 0.014386 
230 250.00 961.61 5.658166 0.006926 0.014258 
231 250.00 960.61 5.634212 0.006903 0.014131 
232 250.00 959.61 5.610496 0.006872 0.014005 
233 250.00 958.61 5.587014 0.006835 0.013879 
234 250.00 957.61 5.563766 0.006791 0.013755 
235 250.00 956.61 5.540748 0.006742 0.013631 
236 250.00 955.61 5.517960 0.006687 0.013508 
237 250.00 954.61 5.495399 0.006629 0.013385 
238 250.00 953.61 5.473064 0.006567 0.013263 
239 250.00 952.61 5.450999 0.006502 0.013128 
240 250.00 951.61 5.429064 0.006435 0.013036 
241 250.00 950.61 5.407397 0.006366 0.012902 
242 250.00 949.61 5.385993 0.006296 0.012770 
243 250.00 948.61 5.364718 0.006226 0.012678 
244 250.00 947.61 5.343703 0.006155 0.012547 
245 250.00 946.61 5.322903 0.006084 0.012430 
246 250.00 945.61 5.302315 0.006014 0.012314 
247 250.00 944.61 5.281939 0.006410 0.012199 
248 250.00 943.61 5.229455 0.019908 
249 250.00 942.61 5.175508 0.020159 
250 250.00 941.61 5.121947 0.019956 
251 250.00 940.61 5.068846 0.019731 
252 250.00 939.61 5.016275 0.019485 
253 250.00 938.61 4.964297 0.019221 
254 250.00 937.61 4.912970 0.018939 
255 250.00 936.61 4.862344 0.018644 
256 250.00 935.61 4.812462 0.018337 
257 250.00 934.61 4.763359 0.018021 
258 250.00 933.61 4.715062 0.017698 
259 250.00 932.61 4.667592 0.017371 
260 250.00 931.61 4.620964 0.017042 
261 250.00 930.61 4.575186 0.016712 
262 250.00 929.61 4.530263 0.016382 
263 250.00 928.61 4.486194 0.016055 
264 250.00 927.61 4.442976 0.015731 
265 250.00 926.61 4.400602 0.015411 
266 250.00 925.61 4.359061 0.015096 
267 250.00 924.61 4.308308 0.017764 
