Index,T (C),P (kbars),log(10) f O2,mass (gm),rho (gm/cc),wt% SiO2,wt% TiO2,wt% Al2O3,wt% Fe2O3,wt% Cr2O3,wt% FeO,wt% MnO,wt% MgO,wt% NiO,wt% CoO,wt% CaO,wt% Na2O,wt% K2O,wt% P2O5,wt% H2O,wt% CO2,wt% SO3,wt% Cl2O-1,wt% F2O-1,G (kJ),H (kJ),S (J/K),V (cc),Cp (J/K),albite,anorthite,sanidine
1,1190.61,0.250,-9.389,0.1447,2.6699,48.3204,0.0000,33.1934,0.0000,0.0000,0.0000,0.0000,0.0000,0.0000,0.0000,16.1100,2.3653,0.0109,0.0000,0.0000,0.0000,0.0000,0.0000,0.0000,-2.515,-1.999,0.353,0.054,0.178,0.209782,0.789580,0.000638
2,1189.61,0.250,-9.401,0.3541,2.6697,48.3521,0.0000,33.1721,0.0000,0.0000,0.0000,0.0000,0.0000,0.0000,0.0000,16.0850,2.3798,0.0110,0.0000,0.0000,0.0000,0.0000,0.0000,0.0000,-6.154,-4.892,0.863,0.133,0.436,0.211057,0.788298,0.000644
3,1188.61,0.250,-9.412,0.9621,2.6695,48.3894,0.0000,33.1469,0.0000,0.0000,0.0000,0.0000,0.0000,0.0000,0.0000,16.0555,2.3970,0.0112,0.0000,0.0000,0.0000,0.0000,0.0000,0.0000,-16.720,-13.293,2.344,0.360,1.185,0.212561,0.786784,0.000655
4,1187.61,0.250,-9.424,0.6078,2.6693,48.4234,0.0000,33.1240,0.0000,0.0000,0.0000,0.0000,0.0000,0.0000,0.0000,16.0287,2.4126,0.0114,0.0000,0.0000,0.0000,0.0000,0.0000,0.0000,-10.560,-8.398,1.480,0.228,0.749,0.213930,0.785407,0.000663
5,1186.61,0.250,-9.435,0.5954,2.6690,48.4572,0.0000,33.1012,0.0000,0.0000,0.0000,0.0000,0.0000,0.0000,0.0000,16.0020,2.4282,0.0115,0.0000,0.0000,0.0000,0.0000,0.0000,0.0000,-10.343,-8.227,1.450,0.223,0.733,0.215294,0.784035,0.000671
6,1185.61,0.250,-9.446,0.5833,2.6688,48.4909,0.0000,33.0784,0.0000,0.0000,0.0000,0.0000,0.0000,0.0000,0.0000,15.9754,2.4437,0.0116,0.0000,0.0000,0.0000,0.0000,0.0000,0.0000,-10.133,-8.061,1.420,0.219,0.718,0.216651,0.782670,0.000680
7,1184.61,0.250,-9.458,0.5716,2.6686,48.5244,0.0000,33.0558,0.0000,0.0000,0.0000,0.0000,0.0000,0.0000,0.0000,15.9489,2.4591,0.0118,0.0000,0.0000,0.0000,0.0000,0.0000,0.0000,-9.928,-7.900,1.391,0.214,0.704,0.218002,0.781311,0.000688
8,1183.61,0.250,-9.469,0.5603,2.6684,48.5578,0.0000,33.0333,0.0000,0.0000,0.0000,0.0000,0.0000,0.0000,0.0000,15.9225,2.4745,0.0119,0.0000,0.0000,0.0000,0.0000,0.0000,0.0000,-9.730,-7.744,1.363,0.210,0.690,0.219346,0.779957,0.000696
9,1182.61,0.250,-9.481,0.9431,2.6677,48.6541,0.0000,32.9684,0.0000,0.0000,0.0000,0.0000,0.0000,0.0000,0.0000,15.8465,2.5188,0.0123,0.0000,0.0000,0.0000,0.0000,0.0000,0.0000,-16.376,-13.036,2.295,0.354,1.161,0.223224,0.776058,0.000718
10,1181.61,0.250,-9.493,0.5184,2.6673,48.7092,0.0000,32.9312,0.0000,0.0000,0.0000,0.0000,0.0000,0.0000,0.0000,15.8030,2.5441,0.0125,0.0000,0.0000,0.0000,0.0000,0.0000,0.0000,-9.000,-7.165,1.261,0.194,0.638,0.225442,0.773828,0.000730
11,1180.61,0.250,-9.504,0.5060,2.6669,48.7643,0.0000,32.8940,0.0000,0.0000,0.0000,0.0000,0.0000,0.0000,0.0000,15.7594,2.5695,0.0127,0.0000,0.0000,0.0000,0.0000,0.0000,0.0000,-8.784,-6.995,1.231,0.190,0.623,0.227661,0.771597,0.000742
12,1179.61,0.250,-9.516,0.4942,2.6665,48.8194,0.0000,32.8569,0.0000,0.0000,0.0000,0.0000,0.0000,0.0000,0.0000,15.7159,2.5949,0.0129,0.0000,0.0000,0.0000,0.0000,0.0000,0.0000,-8.578,-6.832,1.202,0.185,0.608,0.229879,0.769366,0.000755
13,1178.61,0.250,-9.527,0.4829,2.6662,48.8746,0.0000,32.8197,0.0000,0.0000,0.0000,0.0000,0.0000,0.0000,0.0000,15.6723,2.6203,0.0132,0.0000,0.0000,0.0000,0.0000,0.0000,0.0000,-8.381,-6.676,1.174,0.181,0.594,0.232098,0.767134,0.000767
14,1177.61,0.250,-9.539,0.4721,2.6658,48.9297,0.0000,32.7824,0.0000,0.0000,0.0000,0.0000,0.0000,0.0000,0.0000,15.6288,2.6457,0.0134,0.0000,0.0000,0.0000,0.0000,0.0000,0.0000,-8.192,-6.527,1.148,0.177,0.581,0.234318,0.764903,0.000780
15,1176.61,0.250,-9.550,0.8977,2.6655,48.9726,0.0000,32.7536,0.0000,0.0000,0.0000,0.0000,0.0000,0.0000,0.0000,15.5949,2.6653,0.0136,0.0000,0.0000,0.0000,0.0000,0.0000,0.0000,-15.575,-12.412,2.182,0.337,1.105,0.236037,0.763170,0.000793
16,1175.61,0.250,-9.562,0.5202,2.6651,49.0251,0.0000,32.7181,0.0000,0.0000,0.0000,0.0000,0.0000,0.0000,0.0000,15.5534,2.6895,0.0138,0.0000,0.0000,0.0000,0.0000,0.0000,0.0000,-9.024,-7.192,1.264,0.195,0.640,0.238149,0.761045,0.000806
17,1174.61,0.250,-9.574,0.5065,2.6648,49.0776,0.0000,32.6827,0.0000,0.0000,0.0000,0.0000,0.0000,0.0000,0.0000,15.5120,2.7137,0.0141,0.0000,0.0000,0.0000,0.0000,0.0000,0.0000,-8.785,-7.003,1.231,0.190,0.623,0.240258,0.758924,0.000818
18,1173.61,0.250,-9.585,0.4933,2.6644,49.1300,0.0000,32.6474,0.0000,0.0000,0.0000,0.0000,0.0000,0.0000,0.0000,15.4706,2.7378,0.0143,0.0000,0.0000,0.0000,0.0000,0.0000,0.0000,-8.556,-6.822,1.198,0.185,0.607,0.242362,0.756807,0.000831
19,1172.61,0.250,-9.597,0.4807,2.6640,49.1823,0.0000,32.6121,0.0000,0.0000,0.0000,0.0000,0.0000,0.0000,0.0000,15.4293,2.7618,0.0145,0.0000,0.0000,0.0000,0.0000,0.0000,0.0000,-8.336,-6.648,1.168,0.180,0.591,0.244463,0.754693,0.000844
20,1171.61,0.250,-9.609,0.4686,2.6637,49.2345,0.0000,32.5769,0.0000,0.0000,0.0000,0.0000,0.0000,0.0000,0.0000,15.3880,2.7859,0.0147,0.0000,0.0000,0.0000,0.0000,0.0000,0.0000,-8.125,-6.481,1.138,0.176,0.577,0.246559,0.752584,0.000857
21,1170.61,0.250,-9.620,0.4570,2.6633,49.2867,0.0000,32.5417,0.0000,0.0000,0.0000,0.0000,0.0000,0.0000,0.0000,15.3469,2.8099,0.0149,0.0000,0.0000,0.0000,0.0000,0.0000,0.0000,-7.922,-6.320,1.110,0.172,0.562,0.248652,0.750478,0.000870
22,1169.61,0.250,-9.632,0.4458,2.6630,49.3387,0.0000,32.5066,0.0000,0.0000,0.0000,0.0000,0.0000,0.0000,0.0000,15.3057,2.8338,0.0152,0.0000,0.0000,0.0000,0.0000,0.0000,0.0000,-7.728,-6.166,1.082,0.167,0.548,0.250741,0.748376,0.000883
23,1168.61,0.250,-9.644,0.4351,2.6626,49.3907,0.0000,32.4715,0.0000,0.0000,0.0000,0.0000,0.0000,0.0000,0.0000,15.2647,2.8577,0.0154,0.0000,0.0000,0.0000,0.0000,0.0000,0.0000,-7.541,-6.018,1.056,0.163,0.535,0.252826,0.746278,0.000896
24,1167.61,0.250,-9.656,0.4247,2.6623,49.4426,0.0000,32.4365,0.0000,0.0000,0.0000,0.0000,0.0000,0.0000,0.0000,15.2237,2.8816,0.0156,0.0000,0.0000,0.0000,0.0000,0.0000,0.0000,-7.361,-5.876,1.031,0.160,0.522,0.254907,0.744184,0.000909
25,1166.61,0.250,-9.667,0.4148,2.6619,49.4944,0.0000,32.4015,0.0000,0.0000,0.0000,0.0000,0.0000,0.0000,0.0000,15.1828,2.9054,0.0158,0.0000,0.0000,0.0000,0.0000,0.0000,0.0000,-7.187,-5.738,1.006,0.156,0.510,0.256985,0.742093,0.000922
26,1165.61,0.250,-9.679,0.4052,2.6616,49.5462,0.0000,32.3666,0.0000,0.0000,0.0000,0.0000,0.0000,0.0000,0.0000,15.1419,2.9292,0.0161,0.0000,0.0000,0.0000,0.0000,0.0000,0.0000,-7.020,-5.606,0.983,0.152,0.498,0.259059,0.740006,0.000935
27,1164.61,0.250,-9.691,0.3960,2.6612,49.5978,0.0000,32.3318,0.0000,0.0000,0.0000,0.0000,0.0000,0.0000,0.0000,15.1011,2.9530,0.0163,0.0000,0.0000,0.0000,0.0000,0.0000,0.0000,-6.860,-5.479,0.960,0.149,0.487,0.261129,0.737923,0.000948
28,1163.61,0.250,-9.703,0.3871,2.6608,49.6494,0.0000,32.2970,0.0000,0.0000,0.0000,0.0000,0.0000,0.0000,0.0000,15.0603,2.9767,0.0165,0.0000,0.0000,0.0000,0.0000,0.0000,0.0000,-6.705,-5.356,0.939,0.145,0.476,0.263196,0.735843,0.000961
29,1162.61,0.250,-9.715,0.3786,2.6605,49.7009,0.0000,32.2622,0.0000,0.0000,0.0000,0.0000,0.0000,0.0000,0.0000,15.0197,3.0004,0.0168,0.0000,0.0000,0.0000,0.0000,0.0000,0.0000,-6.556,-5.238,0.918,0.142,0.465,0.265259,0.733766,0.000975
30,1161.61,0.250,-9.726,0.3703,2.6601,49.7524,0.0000,32.2276,0.0000,0.0000,0.0000,0.0000,0.0000,0.0000,0.0000,14.9790,3.0241,0.0170,0.0000,0.0000,0.0000,0.0000,0.0000,0.0000,-6.412,-5.124,0.898,0.139,0.455,0.267318,0.731694,0.000988
31,1160.61,0.250,-9.738,0.3623,2.6598,49.8037,0.0000,32.1929,0.0000,0.0000,0.0000,0.0000,0.0000,0.0000,0.0000,14.9385,3.0477,0.0172,0.0000,0.0000,0.0000,0.0000,0.0000,0.0000,-6.273,-5.014,0.878,0.136,0.445,0.269374,0.729625,0.001001
32,1159.61,0.250,-9.750,0.3546,2.6594,49.8550,0.0000,32.1583,0.0000,0.0000,0.0000,0.0000,0.0000,0.0000,0.0000,14.8980,3.0713,0.0175,0.0000,0.0000,0.0000,0.0000,0.0000,0.0000,-6.139,-4.908,0.859,0.133,0.436,0.271426,0.727559,0.001015
33,1158.61,0.250,-9.762,0.3472,2.6591,49.9062,0.0000,32.1238,0.0000,0.0000,0.0000,0.0000,0.0000,0.0000,0.0000,14.8575,3.0948,0.0177,0.0000,0.0000,0.0000,0.0000,0.0000,0.0000,-6.009,-4.805,0.841,0.131,0.427,0.273475,0.725497,0.001028
34,1157.61,0.250,-9.774,0.3400,2.6588,49.9573,0.0000,32.0893,0.0000,0.0000,0.0000,0.0000,0.0000,0.0000,0.0000,14.8171,3.1184,0.0179,0.0000,0.0000,0.0000,0.0000,0.0000,0.0000,-5.884,-4.706,0.823,0.128,0.418,0.275519,0.723439,0.001042
35,1156.61,0.250,-9.786,0.3331,2.6584,50.0084,0.0000,32.0548,0.0000,0.0000,0.0000,0.0000,0.0000,0.0000,0.0000,14.7768,3.1418,0.0182,0.0000,0.0000,0.0000,0.0000,0.0000,0.0000,-5.763,-4.610,0.806,0.125,0.409,0.277561,0.721384,0.001055
36,1155.61,0.250,-9.798,0.3263,2.6581,50.0593,0.0000,32.0205,0.0000,0.0000,0.0000,0.0000,0.0000,0.0000,0.0000,14.7365,3.1653,0.0184,0.0000,0.0000,0.0000,0.0000,0.0000,0.0000,-5.646,-4.517,0.790,0.123,0.401,0.279598,0.719333,0.001069
37,1154.61,0.250,-9.810,0.3199,2.6577,50.1102,0.0000,31.9861,0.0000,0.0000,0.0000,0.0000,0.0000,0.0000,0.0000,14.6963,3.1887,0.0186,0.0000,0.0000,0.0000,0.0000,0.0000,0.0000,-5.533,-4.428,0.774,0.120,0.393,0.281632,0.717286,0.001082
38,1153.61,0.250,-9.822,0.3136,2.6574,50.1611,0.0000,31.9518,0.0000,0.0000,0.0000,0.0000,0.0000,0.0000,0.0000,14.6562,3.2120,0.0189,0.0000,0.0000,0.0000,0.0000,0.0000,0.0000,-5.424,-4.341,0.759,0.118,0.385,0.283662,0.715242,0.001096
39,1152.61,0.250,-9.834,0.3075,2.6570,50.2118,0.0000,31.9176,0.0000,0.0000,0.0000,0.0000,0.0000,0.0000,0.0000,14.6161,3.2354,0.0191,0.0000,0.0000,0.0000,0.0000,0.0000,0.0000,-5.318,-4.257,0.744,0.116,0.378,0.285689,0.713201,0.001110
40,1151.61,0.250,-9.846,0.3016,2.6567,50.2624,0.0000,31.8834,0.0000,0.0000,0.0000,0.0000,0.0000,0.0000,0.0000,14.5761,3.2587,0.0193,0.0000,0.0000,0.0000,0.0000,0.0000,0.0000,-5.215,-4.176,0.730,0.114,0.371,0.287712,0.711165,0.001123
41,1150.61,0.250,-9.858,0.2959,2.6563,50.3130,0.0000,31.8493,0.0000,0.0000,0.0000,0.0000,0.0000,0.0000,0.0000,14.5362,3.2819,0.0196,0.0000,0.0000,0.0000,0.0000,0.0000,0.0000,-5.116,-4.097,0.716,0.111,0.364,0.289731,0.709132,0.001137
42,1149.61,0.250,-9.870,0.2904,2.6560,50.3635,0.0000,31.8152,0.0000,0.0000,0.0000,0.0000,0.0000,0.0000,0.0000,14.4963,3.3051,0.0198,0.0000,0.0000,0.0000,0.0000,0.0000,0.0000,-5.020,-4.021,0.702,0.109,0.357,0.291747,0.707102,0.001151
43,1148.61,0.250,-9.882,0.2850,2.6557,50.4139,0.0000,31.7812,0.0000,0.0000,0.0000,0.0000,0.0000,0.0000,0.0000,14.4564,3.3283,0.0201,0.0000,0.0000,0.0000,0.0000,0.0000,0.0000,-4.927,-3.947,0.689,0.107,0.350,0.293758,0.705077,0.001165
44,1147.61,0.250,-9.894,0.2798,2.6553,50.4643,0.0000,31.7473,0.0000,0.0000,0.0000,0.0000,0.0000,0.0000,0.0000,14.4167,3.3515,0.0203,0.0000,0.0000,0.0000,0.0000,0.0000,0.0000,-4.836,-3.875,0.676,0.105,0.344,0.295766,0.703055,0.001179
45,1146.61,0.250,-9.906,0.2748,2.6550,50.5145,0.0000,31.7134,0.0000,0.0000,0.0000,0.0000,0.0000,0.0000,0.0000,14.3770,3.3746,0.0205,0.0000,0.0000,0.0000,0.0000,0.0000,0.0000,-4.749,-3.806,0.664,0.104,0.338,0.297770,0.701037,0.001193
46,1145.61,0.250,-9.918,0.2699,2.6547,50.5647,0.0000,31.6795,0.0000,0.0000,0.0000,0.0000,0.0000,0.0000,0.0000,14.3373,3.3976,0.0208,0.0000,0.0000,0.0000,0.0000,0.0000,0.0000,-4.664,-3.739,0.652,0.102,0.332,0.299771,0.699023,0.001207
47,1144.61,0.250,-9.930,0.2652,2.6543,50.6148,0.0000,31.6457,0.0000,0.0000,0.0000,0.0000,0.0000,0.0000,0.0000,14.2978,3.4207,0.0210,0.0000,0.0000,0.0000,0.0000,0.0000,0.0000,-4.581,-3.673,0.641,0.100,0.326,0.301767,0.697012,0.001221
48,1143.61,0.250,-9.943,0.2606,2.6540,50.6648,0.0000,31.6120,0.0000,0.0000,0.0000,0.0000,0.0000,0.0000,0.0000,14.2583,3.4437,0.0213,0.0000,0.0000,0.0000,0.0000,0.0000,0.0000,-4.501,-3.610,0.629,0.098,0.320,0.303759,0.695006,0.001235
49,1142.61,0.250,-9.955,0.2562,2.6536,50.7147,0.0000,31.5783,0.0000,0.0000,0.0000,0.0000,0.0000,0.0000,0.0000,14.2188,3.4666,0.0215,0.0000,0.0000,0.0000,0.0000,0.0000,0.0000,-4.424,-3.548,0.618,0.097,0.315,0.305748,0.693003,0.001249
50,1141.61,0.250,-9.967,0.2518,2.6533,50.7645,0.0000,31.5447,0.0000,0.0000,0.0000,0.0000,0.0000,0.0000,0.0000,14.1795,3.4895,0.0218,0.0000,0.0000,0.0000,0.0000,0.0000,0.0000,-4.349,-3.489,0.608,0.095,0.309,0.307732,0.691004,0.001264
51,1140.61,0.250,-9.979,0.2476,2.6530,50.8143,0.0000,31.5111,0.0000,0.0000,0.0000,0.0000,0.0000,0.0000,0.0000,14.1402,3.5124,0.0220,0.0000,0.0000,0.0000,0.0000,0.0000,0.0000,-4.276,-3.431,0.598,0.093,0.304,0.309713,0.689009,0.001278
52,1139.61,0.250,-9.991,0.2436,2.6526,50.8639,0.0000,31.4776,0.0000,0.0000,0.0000,0.0000,0.0000,0.0000,0.0000,14.1010,3.5352,0.0223,0.0000,0.0000,0.0000,0.0000,0.0000,0.0000,-4.205,-3.374,0.588,0.092,0.299,0.311689,0.687018,0.001292
53,1138.61,0.250,-10.004,0.2389,2.6523,50.9127,0.0000,31.4447,0.0000,0.0000,0.0000,0.0000,0.0000,0.0000,0.0000,14.0624,3.5576,0.0225,0.0000,0.0000,0.0000,0.0000,0.0000,0.0000,-4.124,-3.310,0.576,0.090,0.293,0.313631,0.685062,0.001306
54,1137.61,0.250,-10.016,0.2355,2.6520,50.9620,0.0000,31.4115,0.0000,0.0000,0.0000,0.0000,0.0000,0.0000,0.0000,14.0235,3.5802,0.0228,0.0000,0.0000,0.0000,0.0000,0.0000,0.0000,-4.065,-3.263,0.568,0.089,0.289,0.315590,0.683089,0.001321
55,1136.61,0.250,-10.028,0.2318,2.6517,51.0111,0.0000,31.3783,0.0000,0.0000,0.0000,0.0000,0.0000,0.0000,0.0000,13.9847,3.6028,0.0230,0.0000,0.0000,0.0000,0.0000,0.0000,0.0000,-3.999,-3.212,0.559,0.087,0.285,0.317544,0.681121,0.001335
56,1135.61,0.250,-10.041,0.2281,2.6513,51.0601,0.0000,31.3453,0.0000,0.0000,0.0000,0.0000,0.0000,0.0000,0.0000,13.9460,3.6254,0.0233,0.0000,0.0000,0.0000,0.0000,0.0000,0.0000,-3.936,-3.161,0.550,0.086,0.280,0.319493,0.679157,0.001350
57,1134.61,0.250,-10.053,0.2246,2.6510,51.1090,0.0000,31.3123,0.0000,0.0000,0.0000,0.0000,0.0000,0.0000,0.0000,13.9073,3.6478,0.0235,0.0000,0.0000,0.0000,0.0000,0.0000,0.0000,-3.875,-3.113,0.541,0.085,0.276,0.321437,0.677198,0.001364
58,1133.61,0.250,-10.065,0.2212,2.6507,51.1579,0.0000,31.2793,0.0000,0.0000,0.0000,0.0000,0.0000,0.0000,0.0000,13.8688,3.6703,0.0238,0.0000,0.0000,0.0000,0.0000,0.0000,0.0000,-3.815,-3.066,0.533,0.083,0.271,0.323377,0.675244,0.001379
59,1132.61,0.250,-10.077,0.0027,2.6508,51.1579,0.0000,31.2793,0.0000,0.0000,0.0000,0.0000,0.0000,0.0000,0.0000,13.8688,3.6703,0.0238,0.0000,0.0000,0.0000,0.0000,0.0000,0.0000,-0.047,-0.038,0.007,0.001,0.003,0.323377,0.675244,0.001379
60,1131.61,0.250,-10.090,0.4309,2.6501,51.2550,0.0000,31.2138,0.0000,0.0000,0.0000,0.0000,0.0000,0.0000,0.0000,13.7920,3.7149,0.0243,0.0000,0.0000,0.0000,0.0000,0.0000,0.0000,-7.431,-5.973,1.038,0.163,0.529,0.327236,0.671356,0.001408
61,1130.61,0.250,-10.102,0.2116,2.6497,51.3035,0.0000,31.1811,0.0000,0.0000,0.0000,0.0000,0.0000,0.0000,0.0000,13.7537,3.7372,0.0246,0.0000,0.0000,0.0000,0.0000,0.0000,0.0000,-3.649,-2.933,0.510,0.080,0.260,0.329161,0.669416,0.001423
62,1129.61,0.250,-10.115,0.2087,2.6494,51.3518,0.0000,31.1484,0.0000,0.0000,0.0000,0.0000,0.0000,0.0000,0.0000,13.7155,3.7594,0.0248,0.0000,0.0000,0.0000,0.0000,0.0000,0.0000,-3.598,-2.893,0.503,0.079,0.256,0.331081,0.667481,0.001438
63,1128.61,0.250,-10.127,0.2060,2.6491,51.4001,0.0000,31.1159,0.0000,0.0000,0.0000,0.0000,0.0000,0.0000,0.0000,13.6774,3.7816,0.0251,0.0000,0.0000,0.0000,0.0000,0.0000,0.0000,-3.551,-2.856,0.496,0.078,0.253,0.332995,0.665552,0.001453
64,1127.61,0.250,-10.139,0.2345,2.6474,51.6252,0.0000,30.9640,0.0000,0.0000,0.0000,0.0000,0.0000,0.0000,0.0000,13.4995,3.8850,0.0263,0.0000,0.0000,0.0000,0.0000,0.0000,0.0000,-4.042,-3.251,0.565,0.089,0.288,0.341922,0.656553,0.001524
65,1126.61,0.250,-10.152,0.3662,2.6486,51.4733,0.0000,31.0664,0.0000,0.0000,0.0000,0.0000,0.0000,0.0000,0.0000,13.6196,3.8150,0.0257,0.0000,0.0000,0.0000,0.0000,0.0000,0.0000,-6.310,-5.077,0.881,0.138,0.449,0.335887,0.662624,0.001488
66,1125.61,0.250,-10.164,0.2377,2.6484,51.5108,0.0000,31.0411,0.0000,0.0000,0.0000,0.0000,0.0000,0.0000,0.0000,13.5899,3.8323,0.0260,0.0000,0.0000,0.0000,0.0000,0.0000,0.0000,-4.096,-3.296,0.572,0.090,0.292,0.337374,0.661122,0.001505
67,1124.61,0.250,-10.177,0.2332,2.6482,51.5484,0.0000,31.0157,0.0000,0.0000,0.0000,0.0000,0.0000,0.0000,0.0000,13.5601,3.8495,0.0263,0.0000,0.0000,0.0000,0.0000,0.0000,0.0000,-4.018,-3.234,0.561,0.088,0.286,0.338860,0.659619,0.001521
68,1123.61,0.250,-10.189,0.2181,2.6479,51.5893,0.0000,30.9881,0.0000,0.0000,0.0000,0.0000,0.0000,0.0000,0.0000,13.5278,3.8682,0.0265,0.0000,0.0000,0.0000,0.0000,0.0000,0.0000,-3.757,-3.025,0.524,0.082,0.267,0.340478,0.657985,0.001537
69,1122.61,0.250,-10.202,0.2028,2.6476,51.6337,0.0000,30.9581,0.0000,0.0000,0.0000,0.0000,0.0000,0.0000,0.0000,13.4928,3.8886,0.0268,0.0000,0.0000,0.0000,0.0000,0.0000,0.0000,-3.492,-2.812,0.487,0.077,0.249,0.342236,0.656211,0.001553
70,1121.61,0.250,-10.214,0.1993,2.6473,51.6780,0.0000,30.9282,0.0000,0.0000,0.0000,0.0000,0.0000,0.0000,0.0000,13.4577,3.9089,0.0271,0.0000,0.0000,0.0000,0.0000,0.0000,0.0000,-3.431,-2.764,0.479,0.075,0.244,0.343989,0.654441,0.001570
71,1120.61,0.250,-10.227,0.1958,2.6471,51.7222,0.0000,30.8984,0.0000,0.0000,0.0000,0.0000,0.0000,0.0000,0.0000,13.4228,3.9292,0.0274,0.0000,0.0000,0.0000,0.0000,0.0000,0.0000,-3.372,-2.716,0.470,0.074,0.240,0.345740,0.652674,0.001586
72,1119.61,0.250,-10.240,0.1925,2.6468,51.7664,0.0000,30.8686,0.0000,0.0000,0.0000,0.0000,0.0000,0.0000,0.0000,13.3879,3.9495,0.0277,0.0000,0.0000,0.0000,0.0000,0.0000,0.0000,-3.314,-2.670,0.462,0.073,0.236,0.347486,0.650911,0.001602
73,1118.61,0.250,-10.252,0.1893,2.6465,51.8104,0.0000,30.8388,0.0000,0.0000,0.0000,0.0000,0.0000,0.0000,0.0000,13.3531,3.9697,0.0280,0.0000,0.0000,0.0000,0.0000,0.0000,0.0000,-3.258,-2.626,0.455,0.072,0.232,0.349230,0.649152,0.001619
74,1117.61,0.250,-10.265,0.1861,2.6462,51.8544,0.0000,30.8091,0.0000,0.0000,0.0000,0.0000,0.0000,0.0000,0.0000,13.3183,3.9899,0.0283,0.0000,0.0000,0.0000,0.0000,0.0000,0.0000,-3.204,-2.582,0.447,0.070,0.228,0.350969,0.647396,0.001635
75,1116.61,0.250,-10.277,0.1831,2.6459,51.8983,0.0000,30.7795,0.0000,0.0000,0.0000,0.0000,0.0000,0.0000,0.0000,13.2836,4.0100,0.0285,0.0000,0.0000,0.0000,0.0000,0.0000,0.0000,-3.150,-2.540,0.439,0.069,0.224,0.352705,0.645643,0.001652
76,1115.61,0.250,-10.290,0.1801,2.6457,51.9422,0.0000,30.7499,0.0000,0.0000,0.0000,0.0000,0.0000,0.0000,0.0000,13.2490,4.0301,0.0288,0.0000,0.0000,0.0000,0.0000,0.0000,0.0000,-3.099,-2.498,0.432,0.068,0.221,0.354437,0.643895,0.001668
77,1114.61,0.250,-10.303,0.1772,2.6454,51.9859,0.0000,30.7204,0.0000,0.0000,0.0000,0.0000,0.0000,0.0000,0.0000,13.2144,4.0502,0.0291,0.0000,0.0000,0.0000,0.0000,0.0000,0.0000,-3.048,-2.458,0.425,0.067,0.217,0.356166,0.642149,0.001685
78,1113.61,0.250,-10.315,0.1743,2.6451,52.0296,0.0000,30.6909,0.0000,0.0000,0.0000,0.0000,0.0000,0.0000,0.0000,13.1799,4.0702,0.0294,0.0000,0.0000,0.0000,0.0000,0.0000,0.0000,-2.999,-2.419,0.418,0.066,0.214,0.357891,0.640408,0.001701
79,1112.61,0.250,-10.328,0.1716,2.6448,52.0732,0.0000,30.6615,0.0000,0.0000,0.0000,0.0000,0.0000,0.0000,0.0000,13.1455,4.0902,0.0297,0.0000,0.0000,0.0000,0.0000,0.0000,0.0000,-2.951,-2.381,0.411,0.065,0.210,0.359612,0.638670,0.001718
80,1111.61,0.250,-10.341,0.1689,2.6445,52.1167,0.0000,30.6321,0.0000,0.0000,0.0000,0.0000,0.0000,0.0000,0.0000,13.1111,4.1102,0.0300,0.0000,0.0000,0.0000,0.0000,0.0000,0.0000,-2.904,-2.344,0.405,0.064,0.207,0.361330,0.636936,0.001734
81,1110.61,0.250,-10.354,0.1663,2.6443,52.1601,0.0000,30.6028,0.0000,0.0000,0.0000,0.0000,0.0000,0.0000,0.0000,13.0768,4.1301,0.0303,0.0000,0.0000,0.0000,0.0000,0.0000,0.0000,-2.859,-2.308,0.399,0.063,0.204,0.363043,0.635206,0.001751
82,1109.61,0.250,-10.366,0.1637,2.6440,52.2034,0.0000,30.5736,0.0000,0.0000,0.0000,0.0000,0.0000,0.0000,0.0000,13.0426,4.1499,0.0306,0.0000,0.0000,0.0000,0.0000,0.0000,0.0000,-2.815,-2.272,0.392,0.062,0.201,0.364753,0.633479,0.001768
83,1108.61,0.250,-10.379,0.1613,2.6437,52.2466,0.0000,30.5444,0.0000,0.0000,0.0000,0.0000,0.0000,0.0000,0.0000,13.0084,4.1698,0.0309,0.0000,0.0000,0.0000,0.0000,0.0000,0.0000,-2.772,-2.238,0.386,0.061,0.198,0.366459,0.631757,0.001785
84,1107.61,0.250,-10.392,0.1588,2.6434,52.2897,0.0000,30.5153,0.0000,0.0000,0.0000,0.0000,0.0000,0.0000,0.0000,12.9743,4.1895,0.0312,0.0000,0.0000,0.0000,0.0000,0.0000,0.0000,-2.730,-2.205,0.380,0.060,0.195,0.368161,0.630038,0.001801
85,1106.61,0.250,-10.405,0.1565,2.6432,52.3328,0.0000,30.4862,0.0000,0.0000,0.0000,0.0000,0.0000,0.0000,0.0000,12.9403,4.2093,0.0314,0.0000,0.0000,0.0000,0.0000,0.0000,0.0000,-2.689,-2.172,0.375,0.059,0.192,0.369858,0.628324,0.001818
86,1105.61,0.250,-10.418,0.1542,2.6429,52.3757,0.0000,30.4572,0.0000,0.0000,0.0000,0.0000,0.0000,0.0000,0.0000,12.9064,4.2290,0.0317,0.0000,0.0000,0.0000,0.0000,0.0000,0.0000,-2.650,-2.141,0.369,0.058,0.189,0.371552,0.626613,0.001835
87,1104.61,0.250,-10.430,0.1520,2.6426,52.4186,0.0000,30.4283,0.0000,0.0000,0.0000,0.0000,0.0000,0.0000,0.0000,12.8725,4.2486,0.0320,0.0000,0.0000,0.0000,0.0000,0.0000,0.0000,-2.611,-2.110,0.364,0.058,0.186,0.373241,0.624908,0.001852
88,1103.61,0.250,-10.443,0.1498,2.6423,52.4613,0.0000,30.3994,0.0000,0.0000,0.0000,0.0000,0.0000,0.0000,0.0000,12.8387,4.2682,0.0323,0.0000,0.0000,0.0000,0.0000,0.0000,0.0000,-2.574,-2.080,0.358,0.057,0.184,0.374925,0.623206,0.001869
89,1102.61,0.250,-10.456,0.1477,2.6421,52.5039,0.0000,30.3707,0.0000,0.0000,0.0000,0.0000,0.0000,0.0000,0.0000,12.8050,4.2877,0.0326,0.0000,0.0000,0.0000,0.0000,0.0000,0.0000,-2.538,-2.051,0.353,0.056,0.181,0.376604,0.621510,0.001886
90,1101.61,0.250,-10.469,0.1457,2.6418,52.5464,0.0000,30.3420,0.0000,0.0000,0.0000,0.0000,0.0000,0.0000,0.0000,12.7714,4.3072,0.0329,0.0000,0.0000,0.0000,0.0000,0.0000,0.0000,-2.502,-2.023,0.348,0.055,0.178,0.378279,0.619818,0.001903
91,1100.61,0.250,-10.482,0.1437,2.6415,52.5888,0.0000,30.3133,0.0000,0.0000,0.0000,0.0000,0.0000,0.0000,0.0000,12.7379,4.3267,0.0332,0.0000,0.0000,0.0000,0.0000,0.0000,0.0000,-2.468,-1.996,0.344,0.054,0.176,0.379949,0.618132,0.001920
92,1099.61,0.250,-10.495,0.1418,2.6413,52.6311,0.0000,30.2848,0.0000,0.0000,0.0000,0.0000,0.0000,0.0000,0.0000,12.7045,4.3461,0.0335,0.0000,0.0000,0.0000,0.0000,0.0000,0.0000,-2.435,-1.970,0.339,0.054,0.174,0.381613,0.616450,0.001937
93,1098.61,0.250,-10.508,0.1400,2.6410,52.6732,0.0000,30.2563,0.0000,0.0000,0.0000,0.0000,0.0000,0.0000,0.0000,12.6712,4.3654,0.0338,0.0000,0.0000,0.0000,0.0000,0.0000,0.0000,-2.403,-1.944,0.334,0.053,0.171,0.383272,0.614774,0.001954
94,1097.61,0.250,-10.521,0.1382,2.6407,52.7153,0.0000,30.2280,0.0000,0.0000,0.0000,0.0000,0.0000,0.0000,0.0000,12.6380,4.3846,0.0341,0.0000,0.0000,0.0000,0.0000,0.0000,0.0000,-2.372,-1.919,0.330,0.052,0.169,0.384926,0.613103,0.001971
95,1096.61,0.250,-10.534,0.1367,2.6405,52.7573,0.0000,30.1996,0.0000,0.0000,0.0000,0.0000,0.0000,0.0000,0.0000,12.6048,4.4039,0.0344,0.0000,0.0000,0.0000,0.0000,0.0000,0.0000,-2.346,-1.899,0.327,0.052,0.167,0.386580,0.611432,0.001988
96,1095.61,0.250,-10.547,0.1350,2.6402,52.7992,0.0000,30.1713,0.0000,0.0000,0.0000,0.0000,0.0000,0.0000,0.0000,12.5717,4.4231,0.0347,0.0000,0.0000,0.0000,0.0000,0.0000,0.0000,-2.316,-1.875,0.322,0.051,0.165,0.388227,0.609768,0.002005
97,1094.61,0.250,-10.560,0.1333,2.6400,52.8409,0.0000,30.1432,0.0000,0.0000,0.0000,0.0000,0.0000,0.0000,0.0000,12.5387,4.4422,0.0350,0.0000,0.0000,0.0000,0.0000,0.0000,0.0000,-2.288,-1.852,0.318,0.051,0.163,0.389868,0.608110,0.002022
98,1093.61,0.250,-10.573,0.1318,2.6397,52.8825,0.0000,30.1151,0.0000,0.0000,0.0000,0.0000,0.0000,0.0000,0.0000,12.5058,4.4613,0.0353,0.0000,0.0000,0.0000,0.0000,0.0000,0.0000,-2.260,-1.831,0.314,0.050,0.161,0.391503,0.606457,0.002039
99,1092.61,0.250,-10.586,0.1302,2.6394,52.9239,0.0000,30.0871,0.0000,0.0000,0.0000,0.0000,0.0000,0.0000,0.0000,12.4731,4.4803,0.0356,0.0000,0.0000,0.0000,0.0000,0.0000,0.0000,-2.234,-1.809,0.311,0.049,0.159,0.393133,0.604811,0.002057
100,1091.61,0.250,-10.599,0.1287,2.6392,52.9652,0.0000,30.0592,0.0000,0.0000,0.0000,0.0000,0.0000,0.0000,0.0000,12.4404,4.4992,0.0359,0.0000,0.0000,0.0000,0.0000,0.0000,0.0000,-2.208,-1.789,0.307,0.049,0.158,0.394756,0.603170,0.002074
101,1090.61,0.250,-10.612,0.1273,2.6389,53.0064,0.0000,30.0314,0.0000,0.0000,0.0000,0.0000,0.0000,0.0000,0.0000,12.4079,4.5181,0.0362,0.0000,0.0000,0.0000,0.0000,0.0000,0.0000,-2.183,-1.769,0.304,0.048,0.156,0.396372,0.601536,0.002091
102,1089.61,0.250,-10.625,0.1259,2.6387,53.0474,0.0000,30.0037,0.0000,0.0000,0.0000,0.0000,0.0000,0.0000,0.0000,12.3755,4.5368,0.0365,0.0000,0.0000,0.0000,0.0000,0.0000,0.0000,-2.158,-1.749,0.300,0.048,0.154,0.397983,0.599909,0.002109
103,1088.61,0.250,-10.639,0.1245,2.6384,53.0882,0.0000,29.9762,0.0000,0.0000,0.0000,0.0000,0.0000,0.0000,0.0000,12.3432,4.5556,0.0368,0.0000,0.0000,0.0000,0.0000,0.0000,0.0000,-2.135,-1.731,0.297,0.047,0.152,0.399587,0.598287,0.002126
104,1087.61,0.250,-10.652,0.1232,2.6382,53.1289,0.0000,29.9487,0.0000,0.0000,0.0000,0.0000,0.0000,0.0000,0.0000,12.3111,4.5742,0.0371,0.0000,0.0000,0.0000,0.0000,0.0000,0.0000,-2.112,-1.712,0.294,0.047,0.151,0.401184,0.596672,0.002144
105,1086.61,0.250,-10.665,0.1219,2.6379,53.1694,0.0000,29.9213,0.0000,0.0000,0.0000,0.0000,0.0000,0.0000,0.0000,12.2790,4.5928,0.0375,0.0000,0.0000,0.0000,0.0000,0.0000,0.0000,-2.089,-1.695,0.290,0.046,0.149,0.402775,0.595064,0.002161
106,1085.61,0.250,-10.678,0.1207,2.6377,53.2098,0.0000,29.8940,0.0000,0.0000,0.0000,0.0000,0.0000,0.0000,0.0000,12.2471,4.6113,0.0378,0.0000,0.0000,0.0000,0.0000,0.0000,0.0000,-2.068,-1.677,0.287,0.046,0.148,0.404360,0.593461,0.002178
107,1084.61,0.250,-10.691,0.1195,2.6374,53.2500,0.0000,29.8669,0.0000,0.0000,0.0000,0.0000,0.0000,0.0000,0.0000,12.2153,4.6297,0.0381,0.0000,0.0000,0.0000,0.0000,0.0000,0.0000,-2.047,-1.660,0.284,0.045,0.146,0.405938,0.591866,0.002196
108,1083.61,0.250,-10.705,0.1183,2.6372,53.2901,0.0000,29.8398,0.0000,0.0000,0.0000,0.0000,0.0000,0.0000,0.0000,12.1836,4.6480,0.0384,0.0000,0.0000,0.0000,0.0000,0.0000,0.0000,-2.026,-1.644,0.282,0.045,0.145,0.407510,0.590276,0.002214
109,1082.61,0.250,-10.718,0.1171,2.6369,53.3300,0.0000,29.8129,0.0000,0.0000,0.0000,0.0000,0.0000,0.0000,0.0000,12.1521,4.6663,0.0387,0.0000,0.0000,0.0000,0.0000,0.0000,0.0000,-2.006,-1.628,0.279,0.044,0.143,0.409075,0.588694,0.002231
110,1081.61,0.250,-10.731,0.1160,2.6367,53.3698,0.0000,29.7860,0.0000,0.0000,0.0000,0.0000,0.0000,0.0000,0.0000,12.1207,4.6845,0.0390,0.0000,0.0000,0.0000,0.0000,0.0000,0.0000,-1.987,-1.613,0.276,0.044,0.142,0.410633,0.587118,0.002249
111,1080.61,0.250,-10.745,0.1150,2.6364,53.4094,0.0000,29.7593,0.0000,0.0000,0.0000,0.0000,0.0000,0.0000,0.0000,12.0894,4.7027,0.0393,0.0000,0.0000,0.0000,0.0000,0.0000,0.0000,-1.969,-1.598,0.273,0.044,0.141,0.412185,0.585549,0.002267
112,1079.61,0.250,-10.758,0.1140,2.6362,53.4488,0.0000,29.7327,0.0000,0.0000,0.0000,0.0000,0.0000,0.0000,0.0000,12.0582,4.7207,0.0396,0.0000,0.0000,0.0000,0.0000,0.0000,0.0000,-1.951,-1.585,0.271,0.043,0.139,0.413729,0.583987,0.002284
113,1078.61,0.250,-10.771,0.1130,2.6360,53.4880,0.0000,29.7062,0.0000,0.0000,0.0000,0.0000,0.0000,0.0000,0.0000,12.0272,4.7387,0.0399,0.0000,0.0000,0.0000,0.0000,0.0000,0.0000,-1.935,-1.572,0.269,0.043,0.138,0.415266,0.582432,0.002302
114,1077.61,0.250,-10.785,0.1122,2.6357,53.5270,0.0000,29.6799,0.0000,0.0000,0.0000,0.0000,0.0000,0.0000,0.0000,11.9964,4.7565,0.0402,0.0000,0.0000,0.0000,0.0000,0.0000,0.0000,-1.921,-1.561,0.267,0.043,0.137,0.416793,0.580887,0.002320
115,1076.61,0.250,-10.798,0.1117,2.6355,53.5657,0.0000,29.6537,0.0000,0.0000,0.0000,0.0000,0.0000,0.0000,0.0000,11.9658,4.7742,0.0406,0.0000,0.0000,0.0000,0.0000,0.0000,0.0000,-1.912,-1.554,0.265,0.042,0.137,0.418308,0.579354,0.002338
116,1075.61,0.250,-10.811,0.1121,2.6353,53.6038,0.0000,29.6279,0.0000,0.0000,0.0000,0.0000,0.0000,0.0000,0.0000,11.9356,4.7917,0.0409,0.0000,0.0000,0.0000,0.0000,0.0000,0.0000,-1.918,-1.559,0.266,0.043,0.137,0.419801,0.577843,0.002356
117,1074.61,0.250,-10.825,0.1164,2.6350,53.6402,0.0000,29.6034,0.0000,0.0000,0.0000,0.0000,0.0000,0.0000,0.0000,11.9069,4.8084,0.0412,0.0000,0.0000,0.0000,0.0000,0.0000,0.0000,-1.991,-1.619,0.276,0.044,0.142,0.421225,0.576402,0.002374
118,1073.61,0.250,-10.838,0.1292,2.6349,53.6723,0.0000,29.5817,0.0000,0.0000,0.0000,0.0000,0.0000,0.0000,0.0000,11.8815,4.8230,0.0415,0.0000,0.0000,0.0000,0.0000,0.0000,0.0000,-2.211,-1.798,0.307,0.049,0.158,0.422475,0.575133,0.002392
119,1072.61,0.250,-10.852,0.1344,2.6347,53.7023,0.0000,29.5614,0.0000,0.0000,0.0000,0.0000,0.0000,0.0000,0.0000,11.8578,4.8367,0.0418,0.0000,0.0000,0.0000,0.0000,0.0000,0.0000,-2.298,-1.869,0.319,0.051,0.164,0.423646,0.573945,0.002410
120,1071.61,0.250,-10.865,0.1315,2.6345,53.7327,0.0000,29.5409,0.0000,0.0000,0.0000,0.0000,0.0000,0.0000,0.0000,11.8338,4.8506,0.0421,0.0000,0.0000,0.0000,0.0000,0.0000,0.0000,-2.248,-1.829,0.312,0.050,0.161,0.424831,0.572741,0.002428
121,1070.61,0.250,-10.879,0.1287,2.6343,53.7634,0.0000,29.5201,0.0000,0.0000,0.0000,0.0000,0.0000,0.0000,0.0000,11.8094,4.8646,0.0424,0.0000,0.0000,0.0000,0.0000,0.0000,0.0000,-2.200,-1.790,0.305,0.049,0.157,0.426031,0.571523,0.002445
122,1069.61,0.250,-10.892,0.1260,2.6342,53.7945,0.0000,29.4991,0.0000,0.0000,0.0000,0.0000,0.0000,0.0000,0.0000,11.7848,4.8788,0.0428,0.0000,0.0000,0.0000,0.0000,0.0000,0.0000,-2.154,-1.753,0.299,0.048,0.154,0.427245,0.570292,0.002464
123,1068.61,0.250,-10.906,0.1234,2.6340,53.8260,0.0000,29.4778,0.0000,0.0000,0.0000,0.0000,0.0000,0.0000,0.0000,11.7600,4.8932,0.0431,0.0000,0.0000,0.0000,0.0000,0.0000,0.0000,-2.110,-1.717,0.292,0.047,0.151,0.428471,0.569047,0.002482
124,1067.61,0.250,-10.919,0.1209,2.6338,53.8577,0.0000,29.4564,0.0000,0.0000,0.0000,0.0000,0.0000,0.0000,0.0000,11.7349,4.9077,0.0434,0.0000,0.0000,0.0000,0.0000,0.0000,0.0000,-2.067,-1.683,0.286,0.046,0.148,0.429710,0.567791,0.002500
125,1066.61,0.250,-10.933,0.1185,2.6336,53.8898,0.0000,29.4347,0.0000,0.0000,0.0000,0.0000,0.0000,0.0000,0.0000,11.7095,4.9223,0.0437,0.0000,0.0000,0.0000,0.0000,0.0000,0.0000,-2.025,-1.649,0.281,0.045,0.145,0.430960,0.566523,0.002518
126,1065.61,0.250,-10.947,0.1162,2.6334,53.9221,0.0000,29.4129,0.0000,0.0000,0.0000,0.0000,0.0000,0.0000,0.0000,11.6839,4.9371,0.0440,0.0000,0.0000,0.0000,0.0000,0.0000,0.0000,-1.985,-1.617,0.275,0.044,0.142,0.432220,0.565244,0.002536
127,1064.61,0.250,-10.960,0.1139,2.6333,53.9547,0.0000,29.3908,0.0000,0.0000,0.0000,0.0000,0.0000,0.0000,0.0000,11.6582,4.9520,0.0443,0.0000,0.0000,0.0000,0.0000,0.0000,0.0000,-1.947,-1.586,0.270,0.043,0.139,0.433492,0.563954,0.002554
128,1063.61,0.250,-10.974,0.1118,2.6331,53.9875,0.0000,29.3686,0.0000,0.0000,0.0000,0.0000,0.0000,0.0000,0.0000,11.6322,4.9670,0.0447,0.0000,0.0000,0.0000,0.0000,0.0000,0.0000,-1.909,-1.556,0.265,0.042,0.136,0.434773,0.562655,0.002572
129,1062.61,0.250,-10.988,0.1097,2.6329,54.0206,0.0000,29.3463,0.0000,0.0000,0.0000,0.0000,0.0000,0.0000,0.0000,11.6060,4.9821,0.0450,0.0000,0.0000,0.0000,0.0000,0.0000,0.0000,-1.873,-1.527,0.259,0.042,0.134,0.436063,0.561347,0.002590
130,1061.61,0.250,-11.001,0.1077,2.6327,54.0539,0.0000,29.3238,0.0000,0.0000,0.0000,0.0000,0.0000,0.0000,0.0000,11.5797,4.9973,0.0453,0.0000,0.0000,0.0000,0.0000,0.0000,0.0000,-1.839,-1.499,0.255,0.041,0.131,0.437362,0.560030,0.002609
131,1060.61,0.250,-11.015,0.1057,2.6325,54.0875,0.0000,29.3011,0.0000,0.0000,0.0000,0.0000,0.0000,0.0000,0.0000,11.5532,5.0126,0.0456,0.0000,0.0000,0.0000,0.0000,0.0000,0.0000,-1.805,-1.472,0.250,0.040,0.129,0.438669,0.558704,0.002627
132,1059.61,0.250,-11.029,0.1038,2.6323,54.1212,0.0000,29.2783,0.0000,0.0000,0.0000,0.0000,0.0000,0.0000,0.0000,11.5265,5.0281,0.0459,0.0000,0.0000,0.0000,0.0000,0.0000,0.0000,-1.772,-1.445,0.245,0.039,0.127,0.439984,0.557371,0.002645
133,1058.61,0.250,-11.043,0.1020,2.6321,54.1551,0.0000,29.2554,0.0000,0.0000,0.0000,0.0000,0.0000,0.0000,0.0000,11.4996,5.0436,0.0463,0.0000,0.0000,0.0000,0.0000,0.0000,0.0000,-1.741,-1.420,0.241,0.039,0.124,0.441306,0.556030,0.002663
134,1057.61,0.250,-11.056,0.1002,2.6319,54.1892,0.0000,29.2324,0.0000,0.0000,0.0000,0.0000,0.0000,0.0000,0.0000,11.4727,5.0591,0.0466,0.0000,0.0000,0.0000,0.0000,0.0000,0.0000,-1.710,-1.395,0.237,0.038,0.122,0.442636,0.554683,0.002682
135,1056.61,0.250,-11.070,0.0985,2.6317,54.2235,0.0000,29.2092,0.0000,0.0000,0.0000,0.0000,0.0000,0.0000,0.0000,11.4456,5.0748,0.0469,0.0000,0.0000,0.0000,0.0000,0.0000,0.0000,-1.681,-1.371,0.233,0.037,0.120,0.443972,0.553328,0.002700
136,1055.61,0.250,-11.084,0.0968,2.6315,54.2580,0.0000,29.1859,0.0000,0.0000,0.0000,0.0000,0.0000,0.0000,0.0000,11.4183,5.0906,0.0472,0.0000,0.0000,0.0000,0.0000,0.0000,0.0000,-1.652,-1.348,0.229,0.037,0.118,0.445314,0.551967,0.002718
137,1054.61,0.250,-11.098,0.0952,2.6313,54.2926,0.0000,29.1625,0.0000,0.0000,0.0000,0.0000,0.0000,0.0000,0.0000,11.3910,5.1064,0.0476,0.0000,0.0000,0.0000,0.0000,0.0000,0.0000,-1.624,-1.326,0.225,0.036,0.116,0.446663,0.550601,0.002737
138,1053.61,0.250,-11.112,0.0936,2.6311,54.3273,0.0000,29.1390,0.0000,0.0000,0.0000,0.0000,0.0000,0.0000,0.0000,11.3635,5.1223,0.0479,0.0000,0.0000,0.0000,0.0000,0.0000,0.0000,-1.597,-1.304,0.221,0.036,0.114,0.448016,0.549228,0.002755
139,1052.61,0.250,-11.125,0.0921,2.6309,54.3622,0.0000,29.1155,0.0000,0.0000,0.0000,0.0000,0.0000,0.0000,0.0000,11.3359,5.1382,0.0482,0.0000,0.0000,0.0000,0.0000,0.0000,0.0000,-1.571,-1.283,0.217,0.035,0.112,0.449376,0.547851,0.002774
140,1051.61,0.250,-11.139,0.0906,2.6307,54.3973,0.0000,29.0918,0.0000,0.0000,0.0000,0.0000,0.0000,0.0000,0.0000,11.3082,5.1542,0.0485,0.0000,0.0000,0.0000,0.0000,0.0000,0.0000,-1.546,-1.263,0.214,0.034,0.111,0.450740,0.546468,0.002792
141,1050.61,0.250,-11.153,0.0892,2.6305,54.4324,0.0000,29.0680,0.0000,0.0000,0.0000,0.0000,0.0000,0.0000,0.0000,11.2804,5.1703,0.0489,0.0000,0.0000,0.0000,0.0000,0.0000,0.0000,-1.521,-1.243,0.210,0.034,0.109,0.452109,0.545081,0.002811
142,1049.61,0.250,-11.167,0.0878,2.6303,54.4677,0.0000,29.0442,0.0000,0.0000,0.0000,0.0000,0.0000,0.0000,0.0000,11.2525,5.1864,0.0492,0.0000,0.0000,0.0000,0.0000,0.0000,0.0000,-1.497,-1.223,0.207,0.033,0.107,0.453482,0.543689,0.002829
143,1048.61,0.250,-11.181,0.0865,2.6301,54.5031,0.0000,29.0203,0.0000,0.0000,0.0000,0.0000,0.0000,0.0000,0.0000,11.2245,5.2026,0.0495,0.0000,0.0000,0.0000,0.0000,0.0000,0.0000,-1.474,-1.205,0.204,0.033,0.105,0.454860,0.542292,0.002848
144,1047.61,0.250,-11.195,0.0851,2.6299,54.5386,0.0000,28.9963,0.0000,0.0000,0.0000,0.0000,0.0000,0.0000,0.0000,11.1964,5.2188,0.0498,0.0000,0.0000,0.0000,0.0000,0.0000,0.0000,-1.451,-1.186,0.201,0.032,0.104,0.456242,0.540892,0.002866
145,1046.61,0.250,-11.209,0.0839,2.6297,54.5742,0.0000,28.9723,0.0000,0.0000,0.0000,0.0000,0.0000,0.0000,0.0000,11.1683,5.2351,0.0502,0.0000,0.0000,0.0000,0.0000,0.0000,0.0000,-1.429,-1.169,0.197,0.032,0.102,0.457627,0.539488,0.002885
146,1045.61,0.250,-11.223,0.0826,2.6295,54.6099,0.0000,28.9481,0.0000,0.0000,0.0000,0.0000,0.0000,0.0000,0.0000,11.1400,5.2514,0.0505,0.0000,0.0000,0.0000,0.0000,0.0000,0.0000,-1.408,-1.151,0.194,0.031,0.101,0.459016,0.538080,0.002903
147,1044.61,0.250,-11.237,0.0814,2.6293,54.6457,0.0000,28.9240,0.0000,0.0000,0.0000,0.0000,0.0000,0.0000,0.0000,11.1117,5.2678,0.0508,0.0000,0.0000,0.0000,0.0000,0.0000,0.0000,-1.387,-1.135,0.192,0.031,0.099,0.460409,0.536669,0.002922
148,1043.61,0.250,-11.251,0.0802,2.6290,54.6815,0.0000,28.8997,0.0000,0.0000,0.0000,0.0000,0.0000,0.0000,0.0000,11.0834,5.2842,0.0511,0.0000,0.0000,0.0000,0.0000,0.0000,0.0000,-1.367,-1.118,0.189,0.031,0.098,0.461804,0.535255,0.002941
149,1042.61,0.250,-11.265,0.0791,2.6288,54.7175,0.0000,28.8754,0.0000,0.0000,0.0000,0.0000,0.0000,0.0000,0.0000,11.0549,5.3006,0.0515,0.0000,0.0000,0.0000,0.0000,0.0000,0.0000,-1.347,-1.102,0.186,0.030,0.096,0.463203,0.533838,0.002959
150,1041.61,0.250,-11.280,0.0780,2.6286,54.7535,0.0000,28.8511,0.0000,0.0000,0.0000,0.0000,0.0000,0.0000,0.0000,11.0264,5.3171,0.0518,0.0000,0.0000,0.0000,0.0000,0.0000,0.0000,-1.328,-1.087,0.183,0.030,0.095,0.464604,0.532418,0.002978
151,1040.61,0.250,-11.294,0.0130,2.6287,54.7535,0.0000,28.8511,0.0000,0.0000,0.0000,0.0000,0.0000,0.0000,0.0000,11.0265,5.3171,0.0518,0.0000,0.0000,0.0000,0.0000,0.0000,0.0000,-0.222,-0.182,0.031,0.005,0.016,0.464601,0.532421,0.002978
152,1039.61,0.250,-11.308,0.2272,2.6286,54.7749,0.0000,28.8366,0.0000,0.0000,0.0000,0.0000,0.0000,0.0000,0.0000,11.0095,5.3269,0.0520,0.0000,0.0000,0.0000,0.0000,0.0000,0.0000,-3.868,-3.167,0.534,0.086,0.277,0.465437,0.531575,0.002987
153,1038.61,0.250,-11.322,0.0933,2.6285,54.7935,0.0000,28.8241,0.0000,0.0000,0.0000,0.0000,0.0000,0.0000,0.0000,10.9949,5.3354,0.0522,0.0000,0.0000,0.0000,0.0000,0.0000,0.0000,-1.588,-1.300,0.219,0.035,0.114,0.466157,0.530845,0.002998
154,1037.61,0.250,-11.336,0.0919,2.6284,54.8120,0.0000,28.8116,0.0000,0.0000,0.0000,0.0000,0.0000,0.0000,0.0000,10.9802,5.3438,0.0523,0.0000,0.0000,0.0000,0.0000,0.0000,0.0000,-1.565,-1.282,0.216,0.035,0.112,0.466876,0.530116,0.003008
155,1036.61,0.250,-11.350,0.0906,2.6284,54.8305,0.0000,28.7991,0.0000,0.0000,0.0000,0.0000,0.0000,0.0000,0.0000,10.9656,5.3523,0.0525,0.0000,0.0000,0.0000,0.0000,0.0000,0.0000,-1.542,-1.263,0.213,0.034,0.110,0.467595,0.529386,0.003019
156,1035.61,0.250,-11.365,0.0571,2.6279,54.8993,0.0000,28.7527,0.0000,0.0000,0.0000,0.0000,0.0000,0.0000,0.0000,10.9113,5.3839,0.0529,0.0000,0.0000,0.0000,0.0000,0.0000,0.0000,-0.971,-0.796,0.134,0.022,0.070,0.470278,0.526680,0.003042
157,1034.61,0.250,-11.379,0.0613,2.6276,54.9425,0.0000,28.7235,0.0000,0.0000,0.0000,0.0000,0.0000,0.0000,0.0000,10.8771,5.4037,0.0533,0.0000,0.0000,0.0000,0.0000,0.0000,0.0000,-1.044,-0.855,0.144,0.023,0.075,0.471961,0.524978,0.003062
158,1033.61,0.250,-11.393,0.0606,2.6274,54.9858,0.0000,28.6942,0.0000,0.0000,0.0000,0.0000,0.0000,0.0000,0.0000,10.8428,5.4235,0.0536,0.0000,0.0000,0.0000,0.0000,0.0000,0.0000,-1.031,-0.846,0.142,0.023,0.074,0.473646,0.523273,0.003081
159,1032.61,0.250,-11.408,0.0599,2.6271,55.0292,0.0000,28.6649,0.0000,0.0000,0.0000,0.0000,0.0000,0.0000,0.0000,10.8086,5.4434,0.0540,0.0000,0.0000,0.0000,0.0000,0.0000,0.0000,-1.020,-0.836,0.141,0.023,0.073,0.475333,0.521566,0.003101
160,1031.61,0.250,-11.422,0.0593,2.6268,55.0726,0.0000,28.6356,0.0000,0.0000,0.0000,0.0000,0.0000,0.0000,0.0000,10.7742,5.4632,0.0543,0.0000,0.0000,0.0000,0.0000,0.0000,0.0000,-1.008,-0.827,0.139,0.023,0.072,0.477022,0.519857,0.003120
161,1030.61,0.250,-11.436,0.0586,2.6266,55.1161,0.0000,28.6062,0.0000,0.0000,0.0000,0.0000,0.0000,0.0000,0.0000,10.7398,5.4832,0.0547,0.0000,0.0000,0.0000,0.0000,0.0000,0.0000,-0.997,-0.818,0.137,0.022,0.071,0.478714,0.518146,0.003140
162,1029.61,0.250,-11.451,0.0580,2.6263,55.1597,0.0000,28.5768,0.0000,0.0000,0.0000,0.0000,0.0000,0.0000,0.0000,10.7054,5.5031,0.0550,0.0000,0.0000,0.0000,0.0000,0.0000,0.0000,-0.986,-0.809,0.136,0.022,0.071,0.480407,0.516433,0.003160
163,1028.61,0.250,-11.465,0.1434,2.6264,55.1622,0.0000,28.5751,0.0000,0.0000,0.0000,0.0000,0.0000,0.0000,0.0000,10.7035,5.5043,0.0549,0.0000,0.0000,0.0000,0.0000,0.0000,0.0000,-2.438,-2.001,0.336,0.055,0.175,0.480511,0.516336,0.003153
164,1027.61,0.250,-11.479,0.0812,2.6263,55.1822,0.0000,28.5616,0.0000,0.0000,0.0000,0.0000,0.0000,0.0000,0.0000,10.6876,5.5135,0.0551,0.0000,0.0000,0.0000,0.0000,0.0000,0.0000,-1.381,-1.134,0.190,0.031,0.099,0.481289,0.515548,0.003163
165,1026.61,0.250,-11.494,0.0801,2.6262,55.2023,0.0000,28.5481,0.0000,0.0000,0.0000,0.0000,0.0000,0.0000,0.0000,10.6717,5.5227,0.0553,0.0000,0.0000,0.0000,0.0000,0.0000,0.0000,-1.362,-1.118,0.188,0.031,0.098,0.482067,0.514760,0.003173
166,1025.61,0.250,-11.508,0.0790,2.6261,55.2223,0.0000,28.5345,0.0000,0.0000,0.0000,0.0000,0.0000,0.0000,0.0000,10.6559,5.5318,0.0554,0.0000,0.0000,0.0000,0.0000,0.0000,0.0000,-1.343,-1.103,0.185,0.030,0.096,0.482846,0.513971,0.003183
167,1024.61,0.250,-11.523,0.0780,2.6260,55.2424,0.0000,28.5209,0.0000,0.0000,0.0000,0.0000,0.0000,0.0000,0.0000,10.6400,5.5410,0.0556,0.0000,0.0000,0.0000,0.0000,0.0000,0.0000,-1.325,-1.088,0.182,0.030,0.095,0.483625,0.513181,0.003194
168,1023.61,0.250,-11.537,0.0769,2.6259,55.2625,0.0000,28.5074,0.0000,0.0000,0.0000,0.0000,0.0000,0.0000,0.0000,10.6241,5.5502,0.0558,0.0000,0.0000,0.0000,0.0000,0.0000,0.0000,-1.307,-1.074,0.180,0.029,0.094,0.484406,0.512391,0.003204
169,1022.61,0.250,-11.552,0.0027,2.6260,55.2625,0.0000,28.5074,0.0000,0.0000,0.0000,0.0000,0.0000,0.0000,0.0000,10.6241,5.5502,0.0558,0.0000,0.0000,0.0000,0.0000,0.0000,0.0000,-0.046,-0.038,0.006,0.001,0.003,0.484406,0.512391,0.003204
170,1021.61,0.250,-11.566,0.1110,2.6253,55.3617,0.0000,28.4404,0.0000,0.0000,0.0000,0.0000,0.0000,0.0000,0.0000,10.5457,5.5957,0.0565,0.0000,0.0000,0.0000,0.0000,0.0000,0.0000,-1.885,-1.550,0.259,0.042,0.135,0.488265,0.508494,0.003241
171,1020.61,0.250,-11.581,0.0667,2.6251,55.3944,0.0000,28.4183,0.0000,0.0000,0.0000,0.0000,0.0000,0.0000,0.0000,10.5199,5.6107,0.0567,0.0000,0.0000,0.0000,0.0000,0.0000,0.0000,-1.133,-0.931,0.156,0.025,0.081,0.489534,0.507211,0.003255
172,1019.61,0.250,-11.596,0.0660,2.6249,55.4271,0.0000,28.3963,0.0000,0.0000,0.0000,0.0000,0.0000,0.0000,0.0000,10.4940,5.6257,0.0569,0.0000,0.0000,0.0000,0.0000,0.0000,0.0000,-1.120,-0.921,0.154,0.025,0.080,0.490804,0.505927,0.003269
173,1018.61,0.250,-11.610,0.0652,2.6247,55.4598,0.0000,28.3742,0.0000,0.0000,0.0000,0.0000,0.0000,0.0000,0.0000,10.4682,5.6407,0.0572,0.0000,0.0000,0.0000,0.0000,0.0000,0.0000,-1.107,-0.911,0.152,0.025,0.079,0.492075,0.504642,0.003283
174,1017.61,0.250,-11.625,0.0645,2.6246,55.4925,0.0000,28.3521,0.0000,0.0000,0.0000,0.0000,0.0000,0.0000,0.0000,10.4423,5.6557,0.0574,0.0000,0.0000,0.0000,0.0000,0.0000,0.0000,-1.095,-0.901,0.151,0.025,0.078,0.493347,0.503357,0.003296
175,1016.61,0.250,-11.640,0.0638,2.6244,55.5253,0.0000,28.3299,0.0000,0.0000,0.0000,0.0000,0.0000,0.0000,0.0000,10.4164,5.6707,0.0577,0.0000,0.0000,0.0000,0.0000,0.0000,0.0000,-1.083,-0.891,0.149,0.024,0.078,0.494619,0.502071,0.003310
176,1015.61,0.250,-11.654,0.0631,2.6242,55.5581,0.0000,28.3078,0.0000,0.0000,0.0000,0.0000,0.0000,0.0000,0.0000,10.3905,5.6857,0.0579,0.0000,0.0000,0.0000,0.0000,0.0000,0.0000,-1.071,-0.881,0.147,0.024,0.077,0.495893,0.500784,0.003324
177,1014.61,0.250,-11.669,0.0624,2.6240,55.5909,0.0000,28.2856,0.0000,0.0000,0.0000,0.0000,0.0000,0.0000,0.0000,10.3645,5.7007,0.0582,0.0000,0.0000,0.0000,0.0000,0.0000,0.0000,-1.059,-0.872,0.145,0.024,0.076,0.497167,0.499496,0.003337
178,1013.61,0.250,-11.684,0.0617,2.6238,55.6238,0.0000,28.2634,0.0000,0.0000,0.0000,0.0000,0.0000,0.0000,0.0000,10.3386,5.7158,0.0584,0.0000,0.0000,0.0000,0.0000,0.0000,0.0000,-1.047,-0.862,0.144,0.024,0.076,0.498443,0.498206,0.003351
179,1012.61,0.250,-11.698,0.0611,2.6237,55.6567,0.0000,28.2412,0.0000,0.0000,0.0000,0.0000,0.0000,0.0000,0.0000,10.3126,5.7309,0.0586,0.0000,0.0000,0.0000,0.0000,0.0000,0.0000,-1.036,-0.853,0.142,0.023,0.075,0.499719,0.496916,0.003365
180,1011.61,0.250,-11.713,0.0604,2.6235,55.6896,0.0000,28.2190,0.0000,0.0000,0.0000,0.0000,0.0000,0.0000,0.0000,10.2866,5.7460,0.0589,0.0000,0.0000,0.0000,0.0000,0.0000,0.0000,-1.024,-0.844,0.141,0.023,0.074,0.500997,0.495625,0.003378
181,1010.61,0.250,-11.728,0.0597,2.6233,55.7226,0.0000,28.1967,0.0000,0.0000,0.0000,0.0000,0.0000,0.0000,0.0000,10.2605,5.7611,0.0591,0.0000,0.0000,0.0000,0.0000,0.0000,0.0000,-1.013,-0.835,0.139,0.023,0.073,0.502276,0.494332,0.003392
182,1009.61,0.250,-11.743,0.0591,2.6231,55.7556,0.0000,28.1745,0.0000,0.0000,0.0000,0.0000,0.0000,0.0000,0.0000,10.2344,5.7762,0.0594,0.0000,0.0000,0.0000,0.0000,0.0000,0.0000,-1.002,-0.826,0.138,0.023,0.072,0.503556,0.493038,0.003406
183,1008.61,0.250,-11.758,0.0585,2.6229,55.7886,0.0000,28.1521,0.0000,0.0000,0.0000,0.0000,0.0000,0.0000,0.0000,10.2083,5.7913,0.0596,0.0000,0.0000,0.0000,0.0000,0.0000,0.0000,-0.991,-0.817,0.136,0.022,0.072,0.504838,0.491743,0.003419
184,1007.61,0.250,-11.773,0.0579,2.6227,55.8217,0.0000,28.1298,0.0000,0.0000,0.0000,0.0000,0.0000,0.0000,0.0000,10.1822,5.8065,0.0599,0.0000,0.0000,0.0000,0.0000,0.0000,0.0000,-0.981,-0.808,0.135,0.022,0.071,0.506121,0.490446,0.003433
185,1006.61,0.250,-11.787,0.0572,2.6226,55.8548,0.0000,28.1074,0.0000,0.0000,0.0000,0.0000,0.0000,0.0000,0.0000,10.1560,5.8217,0.0601,0.0000,0.0000,0.0000,0.0000,0.0000,0.0000,-0.970,-0.800,0.133,0.022,0.070,0.507406,0.489148,0.003447
186,1005.61,0.250,-11.802,0.0566,2.6224,55.8880,0.0000,28.0851,0.0000,0.0000,0.0000,0.0000,0.0000,0.0000,0.0000,10.1298,5.8369,0.0603,0.0000,0.0000,0.0000,0.0000,0.0000,0.0000,-0.960,-0.792,0.132,0.022,0.069,0.508692,0.487848,0.003460
187,1004.61,0.250,-11.817,0.0561,2.6222,55.9212,0.0000,28.0626,0.0000,0.0000,0.0000,0.0000,0.0000,0.0000,0.0000,10.1035,5.8521,0.0606,0.0000,0.0000,0.0000,0.0000,0.0000,0.0000,-0.950,-0.783,0.130,0.021,0.069,0.509979,0.486547,0.003474
188,1003.61,0.250,-11.832,0.0555,2.6220,55.9544,0.0000,28.0402,0.0000,0.0000,0.0000,0.0000,0.0000,0.0000,0.0000,10.0772,5.8673,0.0608,0.0000,0.0000,0.0000,0.0000,0.0000,0.0000,-0.940,-0.775,0.129,0.021,0.068,0.511269,0.485244,0.003488
189,1002.61,0.250,-11.847,0.0549,2.6218,55.9877,0.0000,28.0177,0.0000,0.0000,0.0000,0.0000,0.0000,0.0000,0.0000,10.0509,5.8826,0.0611,0.0000,0.0000,0.0000,0.0000,0.0000,0.0000,-0.930,-0.767,0.127,0.021,0.067,0.512560,0.483939,0.003501
190,1001.61,0.250,-11.862,0.0543,2.6216,56.0211,0.0000,27.9951,0.0000,0.0000,0.0000,0.0000,0.0000,0.0000,0.0000,10.0245,5.8979,0.0613,0.0000,0.0000,0.0000,0.0000,0.0000,0.0000,-0.920,-0.759,0.126,0.021,0.066,0.513852,0.482632,0.003515
191,1000.61,0.250,-11.877,0.0538,2.6215,56.0545,0.0000,27.9726,0.0000,0.0000,0.0000,0.0000,0.0000,0.0000,0.0000,9.9981,5.9132,0.0616,0.0000,0.0000,0.0000,0.0000,0.0000,0.0000,-0.911,-0.752,0.125,0.021,0.066,0.515147,0.481324,0.003529
192,999.61,0.250,-11.892,0.0532,2.6213,56.0880,0.0000,27.9500,0.0000,0.0000,0.0000,0.0000,0.0000,0.0000,0.0000,9.9717,5.9285,0.0618,0.0000,0.0000,0.0000,0.0000,0.0000,0.0000,-0.901,-0.744,0.123,0.020,0.065,0.516444,0.480013,0.003543
193,998.61,0.250,-11.907,0.0527,2.6211,56.1215,0.0000,27.9274,0.0000,0.0000,0.0000,0.0000,0.0000,0.0000,0.0000,9.9452,5.9439,0.0621,0.0000,0.0000,0.0000,0.0000,0.0000,0.0000,-0.892,-0.736,0.122,0.020,0.064,0.517742,0.478701,0.003557
194,997.61,0.250,-11.923,0.0521,2.6209,56.1551,0.0000,27.9047,0.0000,0.0000,0.0000,0.0000,0.0000,0.0000,0.0000,9.9186,5.9593,0.0623,0.0000,0.0000,0.0000,0.0000,0.0000,0.0000,-0.883,-0.729,0.121,0.020,0.064,0.519043,0.477387,0.003571
195,996.61,0.250,-11.938,0.0516,2.6207,56.1888,0.0000,27.8820,0.0000,0.0000,0.0000,0.0000,0.0000,0.0000,0.0000,9.8920,5.9747,0.0626,0.0000,0.0000,0.0000,0.0000,0.0000,0.0000,-0.874,-0.722,0.120,0.020,0.063,0.520345,0.476070,0.003585
196,995.61,0.250,-11.953,0.0511,2.6205,56.2225,0.0000,27.8592,0.0000,0.0000,0.0000,0.0000,0.0000,0.0000,0.0000,9.8654,5.9902,0.0628,0.0000,0.0000,0.0000,0.0000,0.0000,0.0000,-0.865,-0.715,0.118,0.020,0.062,0.521650,0.474751,0.003599
197,994.61,0.250,-11.968,0.0506,2.6203,56.2562,0.0000,27.8364,0.0000,0.0000,0.0000,0.0000,0.0000,0.0000,0.0000,9.8387,6.0056,0.0631,0.0000,0.0000,0.0000,0.0000,0.0000,0.0000,-0.856,-0.708,0.117,0.019,0.062,0.522958,0.473430,0.003613
198,993.61,0.250,-11.983,0.0027,2.6204,56.2562,0.0000,27.8364,0.0000,0.0000,0.0000,0.0000,0.0000,0.0000,0.0000,9.8387,6.0056,0.0631,0.0000,0.0000,0.0000,0.0000,0.0000,0.0000,-0.046,-0.038,0.006,0.001,0.003,0.522958,0.473430,0.003613
199,992.61,0.250,-11.998,0.0971,2.6200,56.3242,0.0000,27.7905,0.0000,0.0000,0.0000,0.0000,0.0000,0.0000,0.0000,9.7850,6.0368,0.0636,0.0000,0.0000,0.0000,0.0000,0.0000,0.0000,-1.642,-1.358,0.225,0.037,0.119,0.525586,0.470773,0.003641
200,991.61,0.250,-12.014,0.0491,2.6198,56.3581,0.0000,27.7676,0.0000,0.0000,0.0000,0.0000,0.0000,0.0000,0.0000,9.7581,6.0523,0.0638,0.0000,0.0000,0.0000,0.0000,0.0000,0.0000,-0.831,-0.687,0.114,0.019,0.060,0.526901,0.469444,0.003655
201,990.61,0.250,-12.029,0.0486,2.6196,56.3922,0.0000,27.7446,0.0000,0.0000,0.0000,0.0000,0.0000,0.0000,0.0000,9.7312,6.0679,0.0641,0.0000,0.0000,0.0000,0.0000,0.0000,0.0000,-0.823,-0.680,0.113,0.019,0.059,0.528218,0.468112,0.003670
202,989.61,0.250,-12.044,0.0482,2.6194,56.4263,0.0000,27.7215,0.0000,0.0000,0.0000,0.0000,0.0000,0.0000,0.0000,9.7042,6.0836,0.0643,0.0000,0.0000,0.0000,0.0000,0.0000,0.0000,-0.815,-0.674,0.111,0.018,0.059,0.529538,0.466778,0.003684
203,988.61,0.250,-12.060,0.0477,2.6192,56.4605,0.0000,27.6984,0.0000,0.0000,0.0000,0.0000,0.0000,0.0000,0.0000,9.6772,6.0992,0.0646,0.0000,0.0000,0.0000,0.0000,0.0000,0.0000,-0.807,-0.667,0.110,0.018,0.058,0.530861,0.465441,0.003698
204,987.61,0.250,-12.075,0.0473,2.6190,56.4948,0.0000,27.6753,0.0000,0.0000,0.0000,0.0000,0.0000,0.0000,0.0000,9.6501,6.1150,0.0648,0.0000,0.0000,0.0000,0.0000,0.0000,0.0000,-0.799,-0.661,0.109,0.018,0.058,0.532186,0.464101,0.003713
205,986.61,0.250,-12.090,0.0468,2.6188,56.5292,0.0000,27.6521,0.0000,0.0000,0.0000,0.0000,0.0000,0.0000,0.0000,9.6229,6.1307,0.0651,0.0000,0.0000,0.0000,0.0000,0.0000,0.0000,-0.791,-0.655,0.108,0.018,0.057,0.533515,0.462758,0.003727
206,985.61,0.250,-12.106,0.0464,2.6186,56.5637,0.0000,27.6288,0.0000,0.0000,0.0000,0.0000,0.0000,0.0000,0.0000,9.5957,6.1465,0.0654,0.0000,0.0000,0.0000,0.0000,0.0000,0.0000,-0.783,-0.649,0.107,0.018,0.057,0.534846,0.461412,0.003742
207,984.61,0.250,-12.121,0.0459,2.6185,56.5982,0.0000,27.6055,0.0000,0.0000,0.0000,0.0000,0.0000,0.0000,0.0000,9.5684,6.1623,0.0656,0.0000,0.0000,0.0000,0.0000,0.0000,0.0000,-0.776,-0.643,0.106,0.018,0.056,0.536181,0.460063,0.003757
208,983.61,0.250,-12.137,0.0454,2.6183,56.6327,0.0000,27.5822,0.0000,0.0000,0.0000,0.0000,0.0000,0.0000,0.0000,9.5411,6.1781,0.0659,0.0000,0.0000,0.0000,0.0000,0.0000,0.0000,-0.768,-0.636,0.105,0.017,0.055,0.537514,0.458714,0.003771
209,982.61,0.250,-12.152,0.0451,2.6181,56.6675,0.0000,27.5587,0.0000,0.0000,0.0000,0.0000,0.0000,0.0000,0.0000,9.5136,6.1941,0.0662,0.0000,0.0000,0.0000,0.0000,0.0000,0.0000,-0.762,-0.632,0.104,0.017,0.055,0.538859,0.457355,0.003786
210,981.61,0.250,-12.168,0.0447,2.6179,56.7023,0.0000,27.5352,0.0000,0.0000,0.0000,0.0000,0.0000,0.0000,0.0000,9.4861,6.2100,0.0664,0.0000,0.0000,0.0000,0.0000,0.0000,0.0000,-0.754,-0.625,0.103,0.017,0.055,0.540203,0.455996,0.003801
211,980.61,0.250,-12.183,0.0442,2.6177,56.7372,0.0000,27.5116,0.0000,0.0000,0.0000,0.0000,0.0000,0.0000,0.0000,9.4585,6.2260,0.0667,0.0000,0.0000,0.0000,0.0000,0.0000,0.0000,-0.747,-0.619,0.102,0.017,0.054,0.541550,0.454633,0.003816
212,979.61,0.250,-12.199,0.0438,2.6175,56.7722,0.0000,27.4880,0.0000,0.0000,0.0000,0.0000,0.0000,0.0000,0.0000,9.4308,6.2420,0.0670,0.0000,0.0000,0.0000,0.0000,0.0000,0.0000,-0.740,-0.614,0.101,0.017,0.054,0.542901,0.453268,0.003832
213,978.61,0.250,-12.214,0.0434,2.6173,56.8073,0.0000,27.4643,0.0000,0.0000,0.0000,0.0000,0.0000,0.0000,0.0000,9.4031,6.2581,0.0672,0.0000,0.0000,0.0000,0.0000,0.0000,0.0000,-0.733,-0.608,0.100,0.017,0.053,0.544255,0.451898,0.003847
214,977.61,0.250,-12.230,0.0430,2.6171,56.8425,0.0000,27.4405,0.0000,0.0000,0.0000,0.0000,0.0000,0.0000,0.0000,9.3753,6.2742,0.0675,0.0000,0.0000,0.0000,0.0000,0.0000,0.0000,-0.727,-0.603,0.099,0.016,0.053,0.545612,0.450526,0.003862
215,976.61,0.250,-12.245,0.0426,2.6169,56.8778,0.0000,27.4167,0.0000,0.0000,0.0000,0.0000,0.0000,0.0000,0.0000,9.3474,6.2904,0.0678,0.0000,0.0000,0.0000,0.0000,0.0000,0.0000,-0.720,-0.597,0.098,0.016,0.052,0.546973,0.449150,0.003878
216,975.61,0.250,-12.261,0.0423,2.6167,56.9131,0.0000,27.3928,0.0000,0.0000,0.0000,0.0000,0.0000,0.0000,0.0000,9.3194,6.3066,0.0681,0.0000,0.0000,0.0000,0.0000,0.0000,0.0000,-0.713,-0.592,0.097,0.016,0.052,0.548337,0.447770,0.003893
217,974.61,0.250,-12.277,0.0419,2.6165,56.9486,0.0000,27.3689,0.0000,0.0000,0.0000,0.0000,0.0000,0.0000,0.0000,9.2914,6.3228,0.0683,0.0000,0.0000,0.0000,0.0000,0.0000,0.0000,-0.707,-0.586,0.096,0.016,0.051,0.549704,0.446387,0.003909
218,973.61,0.250,-12.292,0.0415,2.6163,56.9842,0.0000,27.3448,0.0000,0.0000,0.0000,0.0000,0.0000,0.0000,0.0000,9.2633,6.3391,0.0686,0.0000,0.0000,0.0000,0.0000,0.0000,0.0000,-0.700,-0.581,0.095,0.016,0.051,0.551075,0.445000,0.003925
219,972.61,0.250,-12.308,0.0411,2.6161,57.0198,0.0000,27.3208,0.0000,0.0000,0.0000,0.0000,0.0000,0.0000,0.0000,9.2351,6.3554,0.0689,0.0000,0.0000,0.0000,0.0000,0.0000,0.0000,-0.694,-0.576,0.095,0.016,0.050,0.552450,0.443610,0.003941
220,971.61,0.250,-12.324,0.0408,2.6159,57.0556,0.0000,27.2966,0.0000,0.0000,0.0000,0.0000,0.0000,0.0000,0.0000,9.2069,6.3718,0.0692,0.0000,0.0000,0.0000,0.0000,0.0000,0.0000,-0.688,-0.571,0.094,0.016,0.050,0.553827,0.442216,0.003957
221,970.61,0.250,-12.340,0.0404,2.6157,57.0914,0.0000,27.2724,0.0000,0.0000,0.0000,0.0000,0.0000,0.0000,0.0000,9.1785,6.3882,0.0695,0.0000,0.0000,0.0000,0.0000,0.0000,0.0000,-0.681,-0.566,0.093,0.015,0.049,0.555208,0.440819,0.003973
222,969.61,0.250,-12.355,0.0400,2.6155,57.1273,0.0000,27.2481,0.0000,0.0000,0.0000,0.0000,0.0000,0.0000,0.0000,9.1501,6.4047,0.0698,0.0000,0.0000,0.0000,0.0000,0.0000,0.0000,-0.675,-0.561,0.092,0.015,0.049,0.556592,0.439419,0.003989
223,968.61,0.250,-12.371,0.0397,2.6153,57.1634,0.0000,27.2238,0.0000,0.0000,0.0000,0.0000,0.0000,0.0000,0.0000,9.1216,6.4212,0.0701,0.0000,0.0000,0.0000,0.0000,0.0000,0.0000,-0.669,-0.556,0.091,0.015,0.048,0.557980,0.438015,0.004005
224,967.61,0.250,-12.387,0.0393,2.6151,57.1995,0.0000,27.1994,0.0000,0.0000,0.0000,0.0000,0.0000,0.0000,0.0000,9.0931,6.4377,0.0704,0.0000,0.0000,0.0000,0.0000,0.0000,0.0000,-0.663,-0.551,0.090,0.015,0.048,0.559371,0.436608,0.004022
225,966.61,0.250,-12.403,0.0389,2.6149,57.2355,0.0000,27.1751,0.0000,0.0000,0.0000,0.0000,0.0000,0.0000,0.0000,9.0646,6.4542,0.0706,0.0000,0.0000,0.0000,0.0000,0.0000,0.0000,-0.656,-0.545,0.089,0.015,0.047,0.560756,0.435206,0.004038
226,965.61,0.250,-12.419,0.0387,2.6147,57.2720,0.0000,27.1504,0.0000,0.0000,0.0000,0.0000,0.0000,0.0000,0.0000,9.0358,6.4709,0.0709,0.0000,0.0000,0.0000,0.0000,0.0000,0.0000,-0.652,-0.542,0.089,0.015,0.047,0.562161,0.433784,0.004055
227,964.61,0.250,-12.435,0.0383,2.6145,57.3083,0.0000,27.1259,0.0000,0.0000,0.0000,0.0000,0.0000,0.0000,0.0000,9.0070,6.4875,0.0712,0.0000,0.0000,0.0000,0.0000,0.0000,0.0000,-0.645,-0.536,0.088,0.015,0.047,0.563560,0.432368,0.004072
228,963.61,0.250,-12.451,0.0379,2.6143,57.3448,0.0000,27.1013,0.0000,0.0000,0.0000,0.0000,0.0000,0.0000,0.0000,8.9782,6.5042,0.0715,0.0000,0.0000,0.0000,0.0000,0.0000,0.0000,-0.639,-0.532,0.087,0.015,0.046,0.564963,0.430948,0.004089
229,962.61,0.250,-12.467,0.0376,2.6141,57.3813,0.0000,27.0766,0.0000,0.0000,0.0000,0.0000,0.0000,0.0000,0.0000,8.9493,6.5209,0.0719,0.0000,0.0000,0.0000,0.0000,0.0000,0.0000,-0.633,-0.527,0.086,0.014,0.046,0.566368,0.429526,0.004106
230,961.61,0.250,-12.483,0.0373,2.6139,57.4179,0.0000,27.0519,0.0000,0.0000,0.0000,0.0000,0.0000,0.0000,0.0000,8.9204,6.5377,0.0722,0.0000,0.0000,0.0000,0.0000,0.0000,0.0000,-0.628,-0.522,0.085,0.014,0.045,0.567775,0.428102,0.004123
231,960.61,0.250,-12.499,0.0369,2.6137,57.4546,0.0000,27.0271,0.0000,0.0000,0.0000,0.0000,0.0000,0.0000,0.0000,8.8914,6.5545,0.0725,0.0000,0.0000,0.0000,0.0000,0.0000,0.0000,-0.622,-0.518,0.085,0.014,0.045,0.569185,0.426675,0.004140
232,959.61,0.250,-12.515,0.0366,2.6135,57.4913,0.0000,27.0023,0.0000,0.0000,0.0000,0.0000,0.0000,0.0000,0.0000,8.8623,6.5713,0.0728,0.0000,0.0000,0.0000,0.0000,0.0000,0.0000,-0.616,-0.513,0.084,0.014,0.045,0.570597,0.425245,0.004158
233,958.61,0.250,-12.531,0.0363,2.6133,57.5281,0.0000,26.9774,0.0000,0.0000,0.0000,0.0000,0.0000,0.0000,0.0000,8.8332,6.5881,0.0731,0.0000,0.0000,0.0000,0.0000,0.0000,0.0000,-0.611,-0.508,0.083,0.014,0.044,0.572011,0.423814,0.004175
234,957.61,0.250,-12.547,0.0359,2.6131,57.5650,0.0000,26.9525,0.0000,0.0000,0.0000,0.0000,0.0000,0.0000,0.0000,8.8041,6.6050,0.0734,0.0000,0.0000,0.0000,0.0000,0.0000,0.0000,-0.605,-0.504,0.082,0.014,0.044,0.573427,0.422380,0.004193
235,956.61,0.250,-12.563,0.0356,2.6129,57.6019,0.0000,26.9276,0.0000,0.0000,0.0000,0.0000,0.0000,0.0000,0.0000,8.7749,6.6219,0.0737,0.0000,0.0000,0.0000,0.0000,0.0000,0.0000,-0.599,-0.499,0.081,0.014,0.043,0.574845,0.420944,0.004211
236,955.61,0.250,-12.579,0.0353,2.6127,57.6389,0.0000,26.9026,0.0000,0.0000,0.0000,0.0000,0.0000,0.0000,0.0000,8.7457,6.6388,0.0740,0.0000,0.0000,0.0000,0.0000,0.0000,0.0000,-0.594,-0.495,0.081,0.014,0.043,0.576265,0.419507,0.004229
237,954.61,0.250,-12.595,0.0350,2.6125,57.6759,0.0000,26.8776,0.0000,0.0000,0.0000,0.0000,0.0000,0.0000,0.0000,8.7164,6.6557,0.0744,0.0000,0.0000,0.0000,0.0000,0.0000,0.0000,-0.588,-0.490,0.080,0.013,0.043,0.577686,0.418068,0.004247
238,953.61,0.250,-12.612,0.0346,2.6123,57.7129,0.0000,26.8526,0.0000,0.0000,0.0000,0.0000,0.0000,0.0000,0.0000,8.6871,6.6727,0.0747,0.0000,0.0000,0.0000,0.0000,0.0000,0.0000,-0.583,-0.486,0.079,0.013,0.042,0.579108,0.416628,0.004265
239,952.61,0.250,-12.628,0.0343,2.6121,57.7498,0.0000,26.8277,0.0000,0.0000,0.0000,0.0000,0.0000,0.0000,0.0000,8.6580,6.6895,0.0750,0.0000,0.0000,0.0000,0.0000,0.0000,0.0000,-0.577,-0.481,0.078,0.013,0.042,0.580523,0.415194,0.004283
240,951.61,0.250,-12.644,0.0340,2.6118,57.7872,0.0000,26.8025,0.0000,0.0000,0.0000,0.0000,0.0000,0.0000,0.0000,8.6285,6.7066,0.0753,0.0000,0.0000,0.0000,0.0000,0.0000,0.0000,-0.573,-0.477,0.078,0.013,0.041,0.581956,0.413743,0.004301
241,950.61,0.250,-12.660,0.0337,2.6116,57.8243,0.0000,26.7774,0.0000,0.0000,0.0000,0.0000,0.0000,0.0000,0.0000,8.5991,6.7236,0.0757,0.0000,0.0000,0.0000,0.0000,0.0000,0.0000,-0.567,-0.473,0.077,0.013,0.041,0.583381,0.412300,0.004320
242,949.61,0.250,-12.677,0.0333,2.6114,57.8613,0.0000,26.7524,0.0000,0.0000,0.0000,0.0000,0.0000,0.0000,0.0000,8.5699,6.7405,0.0760,0.0000,0.0000,0.0000,0.0000,0.0000,0.0000,-0.561,-0.468,0.076,0.013,0.041,0.584798,0.410864,0.004338
243,948.61,0.250,-12.693,0.0331,2.6112,57.8987,0.0000,26.7271,0.0000,0.0000,0.0000,0.0000,0.0000,0.0000,0.0000,8.5403,6.7576,0.0763,0.0000,0.0000,0.0000,0.0000,0.0000,0.0000,-0.557,-0.464,0.075,0.013,0.040,0.586232,0.409411,0.004357
244,947.61,0.250,-12.709,0.0328,2.6110,57.9359,0.0000,26.7020,0.0000,0.0000,0.0000,0.0000,0.0000,0.0000,0.0000,8.5109,6.7746,0.0767,0.0000,0.0000,0.0000,0.0000,0.0000,0.0000,-0.551,-0.460,0.075,0.013,0.040,0.587659,0.407966,0.004375
245,946.61,0.250,-12.726,0.0325,2.6108,57.9731,0.0000,26.6768,0.0000,0.0000,0.0000,0.0000,0.0000,0.0000,0.0000,8.4814,6.7916,0.0770,0.0000,0.0000,0.0000,0.0000,0.0000,0.0000,-0.545,-0.455,0.074,0.012,0.040,0.589085,0.406521,0.004394
246,945.61,0.250,-12.742,0.0321,2.6106,58.0103,0.0000,26.6517,0.0000,0.0000,0.0000,0.0000,0.0000,0.0000,0.0000,8.4520,6.8087,0.0773,0.0000,0.0000,0.0000,0.0000,0.0000,0.0000,-0.540,-0.451,0.073,0.012,0.039,0.590512,0.405075,0.004413
247,944.61,0.250,-12.759,0.0318,2.6104,58.0476,0.0000,26.6265,0.0000,0.0000,0.0000,0.0000,0.0000,0.0000,0.0000,8.4225,6.8257,0.0777,0.0000,0.0000,0.0000,0.0000,0.0000,0.0000,-0.535,-0.447,0.073,0.012,0.039,0.591938,0.403630,0.004432
248,943.61,0.250,-12.775,0.0520,2.6101,58.0927,0.0000,26.5959,0.0000,0.0000,0.0000,0.0000,0.0000,0.0000,0.0000,8.3868,6.8460,0.0787,0.0000,0.0000,0.0000,0.0000,0.0000,0.0000,-0.873,-0.729,0.118,0.020,0.063,0.593637,0.401875,0.004488
249,942.61,0.250,-12.792,0.0526,2.6099,58.1389,0.0000,26.5645,0.0000,0.0000,0.0000,0.0000,0.0000,0.0000,0.0000,8.3501,6.8667,0.0797,0.0000,0.0000,0.0000,0.0000,0.0000,0.0000,-0.884,-0.738,0.120,0.020,0.064,0.595376,0.400076,0.004548
250,941.61,0.250,-12.808,0.0521,2.6096,58.1858,0.0000,26.5327,0.0000,0.0000,0.0000,0.0000,0.0000,0.0000,0.0000,8.3129,6.8878,0.0808,0.0000,0.0000,0.0000,0.0000,0.0000,0.0000,-0.875,-0.731,0.118,0.020,0.063,0.597139,0.398252,0.004609
251,940.61,0.250,-12.825,0.0515,2.6093,58.2333,0.0000,26.5005,0.0000,0.0000,0.0000,0.0000,0.0000,0.0000,0.0000,8.2752,6.9091,0.0819,0.0000,0.0000,0.0000,0.0000,0.0000,0.0000,-0.865,-0.722,0.117,0.020,0.063,0.598924,0.396405,0.004671
252,939.61,0.250,-12.841,0.0508,2.6090,58.2813,0.0000,26.4679,0.0000,0.0000,0.0000,0.0000,0.0000,0.0000,0.0000,8.2371,6.9307,0.0830,0.0000,0.0000,0.0000,0.0000,0.0000,0.0000,-0.854,-0.713,0.116,0.019,0.062,0.600727,0.394537,0.004736
253,938.61,0.250,-12.858,0.0501,2.6087,58.3298,0.0000,26.4350,0.0000,0.0000,0.0000,0.0000,0.0000,0.0000,0.0000,8.1987,6.9524,0.0842,0.0000,0.0000,0.0000,0.0000,0.0000,0.0000,-0.842,-0.704,0.114,0.019,0.061,0.602546,0.392653,0.004801
254,937.61,0.250,-12.875,0.0494,2.6084,58.3786,0.0000,26.4018,0.0000,0.0000,0.0000,0.0000,0.0000,0.0000,0.0000,8.1599,6.9743,0.0854,0.0000,0.0000,0.0000,0.0000,0.0000,0.0000,-0.829,-0.693,0.112,0.019,0.060,0.604378,0.390754,0.004868
255,936.61,0.250,-12.891,0.0486,2.6081,58.4278,0.0000,26.3684,0.0000,0.0000,0.0000,0.0000,0.0000,0.0000,0.0000,8.1209,6.9963,0.0866,0.0000,0.0000,0.0000,0.0000,0.0000,0.0000,-0.816,-0.682,0.110,0.019,0.059,0.606221,0.388843,0.004935
256,935.61,0.250,-12.908,0.0478,2.6078,58.4772,0.0000,26.3349,0.0000,0.0000,0.0000,0.0000,0.0000,0.0000,0.0000,8.0817,7.0185,0.0878,0.0000,0.0000,0.0000,0.0000,0.0000,0.0000,-0.802,-0.671,0.109,0.018,0.058,0.608073,0.386923,0.005004
257,934.61,0.250,-12.925,0.0470,2.6075,58.5268,0.0000,26.3012,0.0000,0.0000,0.0000,0.0000,0.0000,0.0000,0.0000,8.0423,7.0407,0.0890,0.0000,0.0000,0.0000,0.0000,0.0000,0.0000,-0.788,-0.660,0.107,0.018,0.057,0.609931,0.384995,0.005074
258,933.61,0.250,-12.941,0.0461,2.6072,58.5766,0.0000,26.2674,0.0000,0.0000,0.0000,0.0000,0.0000,0.0000,0.0000,8.0028,7.0630,0.0903,0.0000,0.0000,0.0000,0.0000,0.0000,0.0000,-0.774,-0.648,0.105,0.018,0.056,0.611793,0.383062,0.005145
259,932.61,0.250,-12.958,0.0453,2.6069,58.6264,0.0000,26.2335,0.0000,0.0000,0.0000,0.0000,0.0000,0.0000,0.0000,7.9632,7.0853,0.0915,0.0000,0.0000,0.0000,0.0000,0.0000,0.0000,-0.760,-0.636,0.103,0.017,0.055,0.613658,0.381126,0.005216
260,931.61,0.250,-12.975,0.0444,2.6066,58.6763,0.0000,26.1996,0.0000,0.0000,0.0000,0.0000,0.0000,0.0000,0.0000,7.9236,7.1076,0.0928,0.0000,0.0000,0.0000,0.0000,0.0000,0.0000,-0.745,-0.624,0.101,0.017,0.054,0.615524,0.379187,0.005289
261,930.61,0.250,-12.992,0.0436,2.6063,58.7263,0.0000,26.1657,0.0000,0.0000,0.0000,0.0000,0.0000,0.0000,0.0000,7.8840,7.1300,0.0941,0.0000,0.0000,0.0000,0.0000,0.0000,0.0000,-0.730,-0.612,0.099,0.017,0.053,0.617390,0.377248,0.005362
262,929.61,0.250,-13.009,0.0427,2.6060,58.7762,0.0000,26.1317,0.0000,0.0000,0.0000,0.0000,0.0000,0.0000,0.0000,7.8443,7.1523,0.0954,0.0000,0.0000,0.0000,0.0000,0.0000,0.0000,-0.716,-0.599,0.097,0.016,0.052,0.619254,0.375310,0.005435
263,928.61,0.250,-13.026,0.0418,2.6057,58.8261,0.0000,26.0978,0.0000,0.0000,0.0000,0.0000,0.0000,0.0000,0.0000,7.8047,7.1746,0.0967,0.0000,0.0000,0.0000,0.0000,0.0000,0.0000,-0.701,-0.587,0.095,0.016,0.051,0.621116,0.373374,0.005510
264,927.61,0.250,-13.043,0.0410,2.6054,58.8759,0.0000,26.0640,0.0000,0.0000,0.0000,0.0000,0.0000,0.0000,0.0000,7.7652,7.1969,0.0981,0.0000,0.0000,0.0000,0.0000,0.0000,0.0000,-0.687,-0.576,0.093,0.016,0.050,0.622975,0.371440,0.005585
265,926.61,0.250,-13.060,0.0401,2.6051,58.9257,0.0000,26.0302,0.0000,0.0000,0.0000,0.0000,0.0000,0.0000,0.0000,7.7257,7.2191,0.0994,0.0000,0.0000,0.0000,0.0000,0.0000,0.0000,-0.673,-0.564,0.091,0.015,0.049,0.624830,0.369510,0.005660
266,925.61,0.250,-13.076,0.0393,2.6048,58.9753,0.0000,25.9964,0.0000,0.0000,0.0000,0.0000,0.0000,0.0000,0.0000,7.6862,7.2413,0.1007,0.0000,0.0000,0.0000,0.0000,0.0000,0.0000,-0.659,-0.552,0.089,0.015,0.048,0.626680,0.367584,0.005736
267,924.61,0.250,-13.093,0.0463,2.6042,59.0699,0.0000,25.9322,0.0000,0.0000,0.0000,0.0000,0.0000,0.0000,0.0000,7.6112,7.2835,0.1032,0.0000,0.0000,0.0000,0.0000,0.0000,0.0000,-0.775,-0.650,0.105,0.018,0.056,0.630207,0.363916,0.005877
