Index,T (C),P (kbars),log(10) f O2,mass (gm),rho (gm/cc),wt% SiO2,wt% TiO2,wt% Al2O3,wt% Fe2O3,wt% Cr2O3,wt% FeO,wt% MnO,wt% MgO,wt% NiO,wt% CoO,wt% CaO,wt% Na2O,wt% K2O,wt% P2O5,wt% H2O,wt% CO2,wt% SO3,wt% Cl2O-1,wt% F2O-1,G (kJ),H (kJ),S (J/K),V (cc),Cp (J/K),chromite,hercynite,magnetite,spinel,ulvospinel
53,1138.61,0.250,-10.004,0.0076,4.5014,0.0000,4.3304,14.6230,13.7249,33.7292,25.1357,0.0000,8.4568,0.0000,0.0000,0.0000,0.0000,0.0000,0.0000,0.0000,0.0000,0.0000,0.0000,0.0000,-0.079,-0.056,0.016,0.002,0.007,0.439024,-0.131373,0.170029,0.415098,0.107223
54,1137.61,0.250,-10.016,0.0042,4.5049,0.0000,4.4542,14.4898,13.8272,33.5040,25.3496,0.0000,8.3752,0.0000,0.0000,0.0000,0.0000,0.0000,0.0000,0.0000,0.0000,0.0000,0.0000,0.0000,-0.043,-0.031,0.009,0.001,0.004,0.436609,-0.130104,0.171499,0.411578,0.110418
55,1136.61,0.250,-10.028,0.0041,4.5082,0.0000,4.5822,14.3568,13.9297,33.2712,25.5651,0.0000,8.2949,0.0000,0.0000,0.0000,0.0000,0.0000,0.0000,0.0000,0.0000,0.0000,0.0000,0.0000,-0.043,-0.031,0.009,0.001,0.004,0.434084,-0.128896,0.172974,0.408115,0.113724
56,1135.61,0.250,-10.041,0.0041,4.5115,0.0000,4.7146,14.2238,14.0327,33.0304,25.7825,0.0000,8.2161,0.0000,0.0000,0.0000,0.0000,0.0000,0.0000,0.0000,0.0000,0.0000,0.0000,0.0000,-0.043,-0.030,0.009,0.001,0.004,0.431445,-0.127753,0.174455,0.404707,0.117146
57,1134.61,0.250,-10.053,0.0041,4.5147,0.0000,4.8517,14.0906,14.1359,32.7812,26.0020,0.0000,8.1386,0.0000,0.0000,0.0000,0.0000,0.0000,0.0000,0.0000,0.0000,0.0000,0.0000,0.0000,-0.043,-0.030,0.009,0.001,0.004,0.428687,-0.126679,0.175943,0.401356,0.120693
58,1133.61,0.250,-10.065,0.0041,4.5178,0.0000,4.9938,13.9569,14.2396,32.5233,26.2238,0.0000,8.0625,0.0000,0.0000,0.0000,0.0000,0.0000,0.0000,0.0000,0.0000,0.0000,0.0000,0.0000,-0.043,-0.030,0.009,0.001,0.004,0.425805,-0.125675,0.177438,0.398061,0.124371
59,1132.61,0.250,-10.077,0.0020,4.5179,0.0000,4.9938,13.9569,14.2396,32.5233,26.2238,0.0000,8.0625,0.0000,0.0000,0.0000,0.0000,0.0000,0.0000,0.0000,0.0000,0.0000,0.0000,0.0000,-0.020,-0.015,0.004,0.000,0.002,0.425805,-0.125675,0.177438,0.398061,0.124371
60,1131.61,0.250,-10.090,0.0063,4.5239,0.0000,5.2944,13.6878,14.4483,31.9794,26.6755,0.0000,7.9145,0.0000,0.0000,0.0000,0.0000,0.0000,0.0000,0.0000,0.0000,0.0000,0.0000,0.0000,-0.065,-0.046,0.013,0.001,0.006,0.419643,-0.123903,0.180450,0.391648,0.132161
61,1130.61,0.250,-10.102,0.0042,4.5268,0.0000,5.4536,13.5517,14.5534,31.6926,26.9062,0.0000,7.8424,0.0000,0.0000,0.0000,0.0000,0.0000,0.0000,0.0000,0.0000,0.0000,0.0000,0.0000,-0.042,-0.030,0.009,0.001,0.004,0.416354,-0.123137,0.181970,0.388522,0.136291
62,1129.61,0.250,-10.115,0.0042,4.5297,0.0000,5.6194,13.4143,14.6591,31.3950,27.1406,0.0000,7.7716,0.0000,0.0000,0.0000,0.0000,0.0000,0.0000,0.0000,0.0000,0.0000,0.0000,0.0000,-0.042,-0.030,0.009,0.001,0.004,0.412913,-0.122459,0.183501,0.385453,0.140593
63,1128.61,0.250,-10.127,0.0042,4.5324,0.0000,5.7923,13.2753,14.7654,31.0857,27.3791,0.0000,7.7021,0.0000,0.0000,0.0000,0.0000,0.0000,0.0000,0.0000,0.0000,0.0000,0.0000,0.0000,-0.043,-0.030,0.009,0.001,0.004,0.409310,-0.121875,0.185042,0.382441,0.145083
64,1127.61,0.250,-10.139,0.0038,4.5423,0.0000,6.3541,12.7788,15.1209,30.1150,28.1700,0.0000,7.4612,0.0000,0.0000,0.0000,0.0000,0.0000,0.0000,0.0000,0.0000,0.0000,0.0000,0.0000,-0.039,-0.027,0.008,0.001,0.004,0.398121,-0.120139,0.190258,0.371968,0.159794
65,1126.61,0.250,-10.152,0.0054,4.5425,0.0000,6.1979,12.8366,14.9998,30.4722,28.0169,0.0000,7.4765,0.0000,0.0000,0.0000,0.0000,0.0000,0.0000,0.0000,0.0000,0.0000,0.0000,0.0000,-0.054,-0.038,0.011,0.001,0.005,0.402679,-0.119717,0.188657,0.372579,0.155802
66,1125.61,0.250,-10.164,0.0040,4.5458,0.0000,6.3743,12.6652,15.1003,30.1981,28.2576,0.0000,7.4045,0.0000,0.0000,0.0000,0.0000,0.0000,0.0000,0.0000,0.0000,0.0000,0.0000,0.0000,-0.040,-0.028,0.008,0.001,0.004,0.399575,-0.119657,0.190168,0.369467,0.160446
67,1124.61,0.250,-10.177,0.0040,4.5490,0.0000,6.5580,12.4937,15.2010,29.9110,28.5024,0.0000,7.3339,0.0000,0.0000,0.0000,0.0000,0.0000,0.0000,0.0000,0.0000,0.0000,0.0000,0.0000,-0.040,-0.028,0.008,0.001,0.004,0.396288,-0.119673,0.191683,0.366420,0.165281
68,1123.61,0.250,-10.189,0.0041,4.5519,0.0000,6.7597,12.3287,15.3056,29.5796,28.7604,0.0000,7.2660,0.0000,0.0000,0.0000,0.0000,0.0000,0.0000,0.0000,0.0000,0.0000,0.0000,0.0000,-0.041,-0.029,0.009,0.001,0.004,0.392387,-0.119688,0.193243,0.363479,0.170579
69,1122.61,0.250,-10.202,0.0043,4.5544,0.0000,6.9823,12.1687,15.4144,29.2001,29.0339,0.0000,7.2007,0.0000,0.0000,0.0000,0.0000,0.0000,0.0000,0.0000,0.0000,0.0000,0.0000,0.0000,-0.043,-0.030,0.009,0.001,0.004,0.387821,-0.119729,0.194852,0.360647,0.176408
70,1121.61,0.250,-10.214,0.0043,4.5569,0.0000,7.2155,12.0055,15.5234,28.8044,29.3144,0.0000,7.1367,0.0000,0.0000,0.0000,0.0000,0.0000,0.0000,0.0000,0.0000,0.0000,0.0000,0.0000,-0.043,-0.030,0.009,0.001,0.004,0.383031,-0.119902,0.196469,0.357879,0.182523
71,1120.61,0.250,-10.227,0.0043,4.5593,0.0000,7.4603,11.8387,15.6326,28.3916,29.6027,0.0000,7.0741,0.0000,0.0000,0.0000,0.0000,0.0000,0.0000,0.0000,0.0000,0.0000,0.0000,0.0000,-0.043,-0.030,0.009,0.001,0.004,0.378003,-0.120216,0.198092,0.355174,0.188947
72,1119.61,0.250,-10.240,0.0043,4.5616,0.0000,7.7176,11.6678,15.7417,27.9606,29.8995,0.0000,7.0128,0.0000,0.0000,0.0000,0.0000,0.0000,0.0000,0.0000,0.0000,0.0000,0.0000,0.0000,-0.043,-0.030,0.009,0.001,0.004,0.372724,-0.120680,0.199722,0.352531,0.195703
73,1118.61,0.250,-10.252,0.0044,4.5639,0.0000,7.9883,11.4922,15.8507,27.5102,30.2057,0.0000,6.9529,0.0000,0.0000,0.0000,0.0000,0.0000,0.0000,0.0000,0.0000,0.0000,0.0000,0.0000,-0.043,-0.030,0.009,0.001,0.004,0.367177,-0.121304,0.201355,0.349952,0.202820
74,1117.61,0.250,-10.265,0.0044,4.5660,0.0000,8.2735,11.3116,15.9593,27.0391,30.5223,0.0000,6.8941,0.0000,0.0000,0.0000,0.0000,0.0000,0.0000,0.0000,0.0000,0.0000,0.0000,0.0000,-0.044,-0.031,0.009,0.001,0.004,0.361345,-0.122097,0.202990,0.347434,0.210327
75,1116.61,0.250,-10.277,0.0044,4.5681,0.0000,8.5744,11.1253,16.0673,26.5462,30.8501,0.0000,6.8367,0.0000,0.0000,0.0000,0.0000,0.0000,0.0000,0.0000,0.0000,0.0000,0.0000,0.0000,-0.044,-0.031,0.009,0.001,0.004,0.355211,-0.123070,0.204625,0.344979,0.218256
76,1115.61,0.250,-10.290,0.0045,4.5701,0.0000,8.8923,10.9327,16.1743,26.0299,31.1904,0.0000,6.7805,0.0000,0.0000,0.0000,0.0000,0.0000,0.0000,0.0000,0.0000,0.0000,0.0000,0.0000,-0.044,-0.031,0.010,0.001,0.004,0.348755,-0.124235,0.206255,0.342586,0.226639
77,1114.61,0.250,-10.303,0.0046,4.5720,0.0000,9.2283,10.7333,16.2799,25.4890,31.5441,0.0000,6.7254,0.0000,0.0000,0.0000,0.0000,0.0000,0.0000,0.0000,0.0000,0.0000,0.0000,0.0000,-0.045,-0.031,0.010,0.001,0.004,0.341959,-0.125602,0.207876,0.340253,0.235514
78,1113.61,0.250,-10.315,0.0046,4.5739,0.0000,9.5838,10.5265,16.3836,24.9220,31.9125,0.0000,6.6715,0.0000,0.0000,0.0000,0.0000,0.0000,0.0000,0.0000,0.0000,0.0000,0.0000,0.0000,-0.045,-0.032,0.010,0.001,0.004,0.334802,-0.127181,0.209481,0.337981,0.244916
79,1112.61,0.250,-10.328,0.0047,4.5756,0.0000,9.9601,10.3119,16.4847,24.3278,32.2967,0.0000,6.6188,0.0000,0.0000,0.0000,0.0000,0.0000,0.0000,0.0000,0.0000,0.0000,0.0000,0.0000,-0.046,-0.032,0.010,0.001,0.005,0.327268,-0.128984,0.211064,0.335769,0.254883
80,1111.61,0.250,-10.341,0.0048,4.5772,0.0000,10.3585,10.0889,16.5825,23.7051,32.6979,0.0000,6.5671,0.0000,0.0000,0.0000,0.0000,0.0000,0.0000,0.0000,0.0000,0.0000,0.0000,0.0000,-0.047,-0.033,0.010,0.001,0.005,0.319338,-0.131016,0.212614,0.333614,0.265450
81,1110.61,0.250,-10.354,0.0049,4.5788,0.0000,10.7801,9.8573,16.6761,23.0531,33.1170,0.0000,6.5164,0.0000,0.0000,0.0000,0.0000,0.0000,0.0000,0.0000,0.0000,0.0000,0.0000,0.0000,-0.047,-0.033,0.010,0.001,0.005,0.311000,-0.133284,0.214121,0.331514,0.276649
82,1109.61,0.250,-10.366,0.0050,4.5802,0.0000,11.2256,9.6168,16.7645,22.3714,33.5550,0.0000,6.4667,0.0000,0.0000,0.0000,0.0000,0.0000,0.0000,0.0000,0.0000,0.0000,0.0000,0.0000,-0.048,-0.034,0.011,0.001,0.005,0.302247,-0.135789,0.215571,0.329467,0.288505
83,1108.61,0.250,-10.379,0.0051,4.5816,0.0000,11.6956,9.3676,16.8464,21.6602,34.0124,0.0000,6.4178,0.0000,0.0000,0.0000,0.0000,0.0000,0.0000,0.0000,0.0000,0.0000,0.0000,0.0000,-0.049,-0.034,0.011,0.001,0.005,0.293076,-0.138526,0.216948,0.327468,0.301034
84,1107.61,0.250,-10.392,0.0053,4.5829,0.0000,12.1899,9.1102,16.9206,20.9203,34.4893,0.0000,6.3698,0.0000,0.0000,0.0000,0.0000,0.0000,0.0000,0.0000,0.0000,0.0000,0.0000,0.0000,-0.051,-0.035,0.011,0.001,0.005,0.283498,-0.141483,0.218237,0.325512,0.314236
85,1106.61,0.250,-10.405,0.0054,4.5840,0.0000,12.7078,8.8451,16.9858,20.1537,34.9852,0.0000,6.3224,0.0000,0.0000,0.0000,0.0000,0.0000,0.0000,0.0000,0.0000,0.0000,0.0000,0.0000,-0.052,-0.036,0.012,0.001,0.005,0.273533,-0.144639,0.219418,0.323593,0.328095
86,1105.61,0.250,-10.418,0.0056,4.5851,0.0000,13.2476,8.5738,17.0407,19.3631,35.4993,0.0000,6.2756,0.0000,0.0000,0.0000,0.0000,0.0000,0.0000,0.0000,0.0000,0.0000,0.0000,0.0000,-0.054,-0.037,0.012,0.001,0.005,0.263217,-0.147966,0.220474,0.321703,0.342572
87,1104.61,0.250,-10.430,0.0058,4.5861,0.0000,13.8069,8.2977,17.0841,18.5524,36.0297,0.0000,6.2292,0.0000,0.0000,0.0000,0.0000,0.0000,0.0000,0.0000,0.0000,0.0000,0.0000,0.0000,-0.056,-0.039,0.012,0.001,0.006,0.252598,-0.151424,0.221388,0.319834,0.357604
88,1103.61,0.250,-10.443,0.0061,4.5870,0.0000,14.3825,8.0188,17.1151,17.7265,36.5739,0.0000,6.1831,0.0000,0.0000,0.0000,0.0000,0.0000,0.0000,0.0000,0.0000,0.0000,0.0000,0.0000,-0.058,-0.040,0.013,0.001,0.006,0.241739,-0.154966,0.222144,0.317976,0.373106
89,1102.61,0.250,-10.456,0.0063,4.5878,0.0000,14.9702,7.7394,17.1331,16.8910,37.1290,0.0000,6.1372,0.0000,0.0000,0.0000,0.0000,0.0000,0.0000,0.0000,0.0000,0.0000,0.0000,0.0000,-0.060,-0.042,0.013,0.001,0.006,0.230713,-0.158540,0.222733,0.316120,0.388973
90,1101.61,0.250,-10.469,0.0066,4.5885,0.0000,15.5658,7.4617,17.1380,16.0517,37.6915,0.0000,6.0914,0.0000,0.0000,0.0000,0.0000,0.0000,0.0000,0.0000,0.0000,0.0000,0.0000,0.0000,-0.063,-0.043,0.014,0.001,0.006,0.219595,-0.162090,0.223149,0.314258,0.405088
91,1100.61,0.250,-10.482,0.0070,4.5891,0.0000,16.1645,7.1881,17.1299,15.2144,38.2576,0.0000,6.0456,0.0000,0.0000,0.0000,0.0000,0.0000,0.0000,0.0000,0.0000,0.0000,0.0000,0.0000,-0.066,-0.045,0.015,0.002,0.007,0.208466,-0.165565,0.223392,0.312381,0.421326
92,1099.61,0.250,-10.495,0.0073,4.5897,0.0000,16.7619,6.9204,17.1095,14.3846,38.8240,0.0000,5.9997,0.0000,0.0000,0.0000,0.0000,0.0000,0.0000,0.0000,0.0000,0.0000,0.0000,0.0000,-0.069,-0.048,0.016,0.002,0.007,0.197398,-0.168916,0.223468,0.310482,0.437568
93,1098.61,0.250,-10.508,0.0077,4.5903,0.0000,17.3541,6.6606,17.0776,13.5670,39.3872,0.0000,5.9536,0.0000,0.0000,0.0000,0.0000,0.0000,0.0000,0.0000,0.0000,0.0000,0.0000,0.0000,-0.072,-0.050,0.016,0.002,0.007,0.186457,-0.172103,0.223385,0.308557,0.453703
94,1097.61,0.250,-10.521,0.0081,4.5907,0.0000,17.9375,6.4097,17.0355,12.7655,39.9445,0.0000,5.9073,0.0000,0.0000,0.0000,0.0000,0.0000,0.0000,0.0000,0.0000,0.0000,0.0000,0.0000,-0.076,-0.052,0.017,0.002,0.008,0.175697,-0.175095,0.223158,0.306602,0.469638
95,1096.61,0.250,-10.534,0.0085,4.5912,0.0000,18.5112,6.1682,16.9842,11.9806,40.4952,0.0000,5.8606,0.0000,0.0000,0.0000,0.0000,0.0000,0.0000,0.0000,0.0000,0.0000,0.0000,0.0000,-0.080,-0.055,0.018,0.002,0.008,0.165127,-0.177879,0.222800,0.304608,0.485344
96,1095.61,0.250,-10.547,0.0090,4.5916,0.0000,19.0709,5.9374,16.9252,11.2175,41.0353,0.0000,5.8137,0.0000,0.0000,0.0000,0.0000,0.0000,0.0000,0.0000,0.0000,0.0000,0.0000,0.0000,-0.084,-0.058,0.019,0.002,0.008,0.154820,-0.180430,0.222329,0.302584,0.500697
97,1094.61,0.250,-10.560,0.0095,4.5920,0.0000,19.6152,5.7175,16.8599,10.4770,41.5639,0.0000,5.7666,0.0000,0.0000,0.0000,0.0000,0.0000,0.0000,0.0000,0.0000,0.0000,0.0000,0.0000,-0.088,-0.061,0.020,0.002,0.009,0.144789,-0.182743,0.221761,0.300526,0.515666
98,1093.61,0.250,-10.573,0.0100,4.5924,0.0000,20.1434,5.5084,16.7893,9.7597,42.0799,0.0000,5.7193,0.0000,0.0000,0.0000,0.0000,0.0000,0.0000,0.0000,0.0000,0.0000,0.0000,0.0000,-0.093,-0.064,0.021,0.002,0.009,0.135047,-0.184817,0.221112,0.298437,0.530220
99,1092.61,0.250,-10.586,0.0105,4.5928,0.0000,20.6546,5.3101,16.7147,9.0660,42.5828,0.0000,5.6718,0.0000,0.0000,0.0000,0.0000,0.0000,0.0000,0.0000,0.0000,0.0000,0.0000,0.0000,-0.098,-0.067,0.022,0.002,0.010,0.125601,-0.186656,0.220398,0.296319,0.544339
100,1091.61,0.250,-10.599,0.0111,4.5932,0.0000,21.1488,5.1221,16.6370,8.3957,43.0723,0.0000,5.6241,0.0000,0.0000,0.0000,0.0000,0.0000,0.0000,0.0000,0.0000,0.0000,0.0000,0.0000,-0.102,-0.070,0.023,0.002,0.010,0.116450,-0.188267,0.219630,0.294171,0.558015
101,1090.61,0.250,-10.612,0.0116,4.5935,0.0000,21.6259,4.9441,16.5572,7.7483,43.5482,0.0000,5.5763,0.0000,0.0000,0.0000,0.0000,0.0000,0.0000,0.0000,0.0000,0.0000,0.0000,0.0000,-0.107,-0.074,0.025,0.003,0.011,0.107592,-0.189658,0.218823,0.291998,0.571245
102,1089.61,0.250,-10.625,0.0122,4.5939,0.0000,22.0860,4.7756,16.4761,7.1234,44.0106,0.0000,5.5283,0.0000,0.0000,0.0000,0.0000,0.0000,0.0000,0.0000,0.0000,0.0000,0.0000,0.0000,-0.113,-0.077,0.026,0.003,0.011,0.099022,-0.190841,0.217987,0.289800,0.584033
103,1088.61,0.250,-10.639,0.0128,4.5943,0.0000,22.5295,4.6161,16.3942,6.5202,44.4597,0.0000,5.4802,0.0000,0.0000,0.0000,0.0000,0.0000,0.0000,0.0000,0.0000,0.0000,0.0000,0.0000,-0.118,-0.081,0.027,0.003,0.012,0.090732,-0.191825,0.217131,0.287579,0.596384
104,1087.61,0.250,-10.652,0.0134,4.5947,0.0000,22.9568,4.4652,16.3123,5.9380,44.8956,0.0000,5.4320,0.0000,0.0000,0.0000,0.0000,0.0000,0.0000,0.0000,0.0000,0.0000,0.0000,0.0000,-0.123,-0.085,0.028,0.003,0.013,0.082713,-0.192622,0.216264,0.285338,0.608307
105,1086.61,0.250,-10.665,0.0140,4.5952,0.0000,23.3684,4.3223,16.2309,5.3760,45.3187,0.0000,5.3838,0.0000,0.0000,0.0000,0.0000,0.0000,0.0000,0.0000,0.0000,0.0000,0.0000,0.0000,-0.129,-0.088,0.030,0.003,0.013,0.074958,-0.193243,0.215393,0.283079,0.619813
106,1085.61,0.250,-10.678,0.0146,4.5956,0.0000,23.7646,4.1869,16.1503,4.8335,45.7293,0.0000,5.3355,0.0000,0.0000,0.0000,0.0000,0.0000,0.0000,0.0000,0.0000,0.0000,0.0000,0.0000,-0.134,-0.092,0.031,0.003,0.014,0.067456,-0.193697,0.214525,0.280802,0.630914
107,1084.61,0.250,-10.691,0.0152,4.5961,0.0000,24.1459,4.0587,16.0710,4.3096,46.1277,0.0000,5.2871,0.0000,0.0000,0.0000,0.0000,0.0000,0.0000,0.0000,0.0000,0.0000,0.0000,0.0000,-0.140,-0.096,0.032,0.003,0.014,0.060200,-0.193996,0.213665,0.278510,0.641621
108,1083.61,0.250,-10.705,0.0159,4.5966,0.0000,24.5129,3.9372,15.9932,3.8038,46.5142,0.0000,5.2387,0.0000,0.0000,0.0000,0.0000,0.0000,0.0000,0.0000,0.0000,0.0000,0.0000,0.0000,-0.145,-0.100,0.034,0.003,0.015,0.053182,-0.194148,0.212818,0.276203,0.651945
109,1082.61,0.250,-10.718,0.0165,4.5971,0.0000,24.8659,3.8219,15.9174,3.3154,46.8891,0.0000,5.1903,0.0000,0.0000,0.0000,0.0000,0.0000,0.0000,0.0000,0.0000,0.0000,0.0000,0.0000,-0.151,-0.104,0.035,0.004,0.015,0.046392,-0.194162,0.211990,0.273883,0.661896
110,1081.61,0.250,-10.731,0.0172,4.5976,0.0000,25.2052,3.7126,15.8438,2.8438,47.2527,0.0000,5.1418,0.0000,0.0000,0.0000,0.0000,0.0000,0.0000,0.0000,0.0000,0.0000,0.0000,0.0000,-0.157,-0.108,0.036,0.004,0.016,0.039826,-0.194046,0.211184,0.271551,0.671485
111,1080.61,0.250,-10.745,0.0179,4.5981,0.0000,25.5313,3.6089,15.7726,2.3886,47.6052,0.0000,5.0934,0.0000,0.0000,0.0000,0.0000,0.0000,0.0000,0.0000,0.0000,0.0000,0.0000,0.0000,-0.163,-0.112,0.038,0.004,0.017,0.033478,-0.193807,0.210405,0.269208,0.680717
112,1079.61,0.250,-10.758,0.0187,4.5987,0.0000,25.8441,3.5106,15.7043,1.9495,47.9467,0.0000,5.0449,0.0000,0.0000,0.0000,0.0000,0.0000,0.0000,0.0000,0.0000,0.0000,0.0000,0.0000,-0.170,-0.117,0.039,0.004,0.018,0.027345,-0.193450,0.209657,0.266853,0.689595
113,1078.61,0.250,-10.771,0.0196,4.5993,0.0000,26.1436,3.4173,15.6392,1.5267,48.2769,0.0000,4.9963,0.0000,0.0000,0.0000,0.0000,0.0000,0.0000,0.0000,0.0000,0.0000,0.0000,0.0000,-0.178,-0.122,0.041,0.004,0.018,0.021431,-0.192977,0.208946,0.264484,0.698115
114,1077.61,0.250,-10.785,0.0207,4.6000,0.0000,26.4288,3.3292,15.5781,1.1209,48.5954,0.0000,4.9476,0.0000,0.0000,0.0000,0.0000,0.0000,0.0000,0.0000,0.0000,0.0000,0.0000,0.0000,-0.188,-0.129,0.044,0.005,0.019,0.015746,-0.192386,0.208284,0.262100,0.706256
115,1076.61,0.250,-10.798,0.0224,4.6007,0.0000,26.6976,3.2463,15.5226,0.7348,48.9002,0.0000,4.8986,0.0000,0.0000,0.0000,0.0000,0.0000,0.0000,0.0000,0.0000,0.0000,0.0000,0.0000,-0.203,-0.139,0.047,0.005,0.021,0.010330,-0.191661,0.207691,0.259690,0.713951
116,1075.61,0.250,-10.811,0.0259,4.6016,0.0000,26.9413,3.1702,15.4772,0.3779,49.1848,0.0000,4.8486,0.0000,0.0000,0.0000,0.0000,0.0000,0.0000,0.0000,0.0000,0.0000,0.0000,0.0000,-0.234,-0.161,0.054,0.006,0.024,0.005316,-0.190742,0.207228,0.257223,0.720975
117,1074.61,0.250,-10.825,0.0378,4.6029,0.0000,27.1184,3.1085,15.4638,0.0974,49.4170,0.0000,4.7949,0.0000,0.0000,0.0000,0.0000,0.0000,0.0000,0.0000,0.0000,0.0000,0.0000,0.0000,-0.341,-0.234,0.079,0.008,0.035,0.001371,-0.189314,0.207191,0.254545,0.726208
118,1073.61,0.250,-10.838,0.0679,4.6052,0.0000,27.1345,3.0786,15.5324,0.0000,49.5235,0.0000,4.7311,0.0000,0.0000,0.0000,0.0000,0.0000,0.0000,0.0000,0.0000,0.0000,0.0000,0.0000,-0.612,-0.420,0.142,0.015,0.063,0.000000,-0.186675,0.208244,0.251320,0.727111
119,1072.61,0.250,-10.852,0.0819,4.6082,0.0000,27.0648,3.0653,15.6455,0.0000,49.5617,0.0000,4.6627,0.0000,0.0000,0.0000,0.0000,0.0000,0.0000,0.0000,0.0000,0.0000,0.0000,0.0000,-0.737,-0.506,0.172,0.018,0.076,0.000000,-0.183436,0.209893,0.247842,0.725700
120,1071.61,0.250,-10.865,0.0788,4.6110,0.0000,26.9951,3.0523,15.7593,0.0000,49.5979,0.0000,4.5955,0.0000,0.0000,0.0000,0.0000,0.0000,0.0000,0.0000,0.0000,0.0000,0.0000,0.0000,-0.708,-0.486,0.165,0.017,0.074,0.000000,-0.180251,0.211550,0.244424,0.724278
121,1070.61,0.250,-10.879,0.0759,4.6139,0.0000,26.9252,3.0394,15.8736,0.0000,49.6322,0.0000,4.5296,0.0000,0.0000,0.0000,0.0000,0.0000,0.0000,0.0000,0.0000,0.0000,0.0000,0.0000,-0.681,-0.467,0.159,0.016,0.071,0.000000,-0.177121,0.213215,0.241062,0.722843
122,1069.61,0.250,-10.892,0.0732,4.6167,0.0000,26.8552,3.0268,15.9886,0.0000,49.6646,0.0000,4.4648,0.0000,0.0000,0.0000,0.0000,0.0000,0.0000,0.0000,0.0000,0.0000,0.0000,0.0000,-0.655,-0.449,0.153,0.016,0.068,0.000000,-0.174043,0.214889,0.237757,0.721397
123,1068.61,0.250,-10.906,0.0706,4.6195,0.0000,26.7851,3.0143,16.1043,0.0000,49.6952,0.0000,4.4011,0.0000,0.0000,0.0000,0.0000,0.0000,0.0000,0.0000,0.0000,0.0000,0.0000,0.0000,-0.631,-0.433,0.148,0.015,0.066,0.000000,-0.171016,0.216571,0.234505,0.719939
124,1067.61,0.250,-10.919,0.0681,4.6222,0.0000,26.7148,3.0021,16.2206,0.0000,49.7241,0.0000,4.3385,0.0000,0.0000,0.0000,0.0000,0.0000,0.0000,0.0000,0.0000,0.0000,0.0000,0.0000,-0.608,-0.417,0.142,0.015,0.063,0.000000,-0.168038,0.218263,0.231306,0.718469
125,1066.61,0.250,-10.933,0.0658,4.6250,0.0000,26.6443,2.9900,16.3375,0.0000,49.7512,0.0000,4.2770,0.0000,0.0000,0.0000,0.0000,0.0000,0.0000,0.0000,0.0000,0.0000,0.0000,0.0000,-0.586,-0.402,0.137,0.014,0.061,0.000000,-0.165107,0.219963,0.228157,0.716987
126,1065.61,0.250,-10.947,0.0635,4.6276,0.0000,26.5737,2.9781,16.4552,0.0000,49.7765,0.0000,4.2165,0.0000,0.0000,0.0000,0.0000,0.0000,0.0000,0.0000,0.0000,0.0000,0.0000,0.0000,-0.565,-0.387,0.133,0.014,0.059,0.000000,-0.162223,0.221673,0.225058,0.715493
127,1064.61,0.250,-10.960,0.0614,4.6303,0.0000,26.5029,2.9664,16.5736,0.0000,49.8002,0.0000,4.1570,0.0000,0.0000,0.0000,0.0000,0.0000,0.0000,0.0000,0.0000,0.0000,0.0000,0.0000,-0.545,-0.374,0.128,0.013,0.057,0.000000,-0.159384,0.223393,0.222006,0.713986
128,1063.61,0.250,-10.974,0.0594,4.6329,0.0000,26.4318,2.9548,16.6927,0.0000,49.8222,0.0000,4.0985,0.0000,0.0000,0.0000,0.0000,0.0000,0.0000,0.0000,0.0000,0.0000,0.0000,0.0000,-0.527,-0.361,0.124,0.013,0.055,0.000000,-0.156589,0.225122,0.219001,0.712466
129,1062.61,0.250,-10.988,0.0575,4.6355,0.0000,26.3606,2.9434,16.8125,0.0000,49.8427,0.0000,4.0409,0.0000,0.0000,0.0000,0.0000,0.0000,0.0000,0.0000,0.0000,0.0000,0.0000,0.0000,-0.509,-0.349,0.120,0.012,0.053,0.000000,-0.153836,0.226862,0.216041,0.710933
130,1061.61,0.250,-11.001,0.0557,4.6381,0.0000,26.2891,2.9321,16.9331,0.0000,49.8615,0.0000,3.9842,0.0000,0.0000,0.0000,0.0000,0.0000,0.0000,0.0000,0.0000,0.0000,0.0000,0.0000,-0.492,-0.337,0.116,0.012,0.052,0.000000,-0.151125,0.228612,0.213125,0.709387
131,1060.61,0.250,-11.015,0.0539,4.6406,0.0000,26.2174,2.9211,17.0544,0.0000,49.8787,0.0000,3.9284,0.0000,0.0000,0.0000,0.0000,0.0000,0.0000,0.0000,0.0000,0.0000,0.0000,0.0000,-0.476,-0.326,0.112,0.012,0.050,0.000000,-0.148453,0.230373,0.210253,0.707828
132,1059.61,0.250,-11.029,0.0523,4.6431,0.0000,26.1454,2.9101,17.1765,0.0000,49.8945,0.0000,3.8735,0.0000,0.0000,0.0000,0.0000,0.0000,0.0000,0.0000,0.0000,0.0000,0.0000,0.0000,-0.460,-0.315,0.109,0.011,0.048,0.000000,-0.145821,0.232144,0.207421,0.706256
133,1058.61,0.250,-11.043,0.0507,4.6456,0.0000,26.0732,2.8993,17.2994,0.0000,49.9087,0.0000,3.8194,0.0000,0.0000,0.0000,0.0000,0.0000,0.0000,0.0000,0.0000,0.0000,0.0000,0.0000,-0.446,-0.305,0.105,0.011,0.047,0.000000,-0.143228,0.233927,0.204631,0.704670
134,1057.61,0.250,-11.056,0.0492,4.6480,0.0000,26.0007,2.8887,17.4232,0.0000,49.9214,0.0000,3.7661,0.0000,0.0000,0.0000,0.0000,0.0000,0.0000,0.0000,0.0000,0.0000,0.0000,0.0000,-0.432,-0.296,0.102,0.011,0.045,0.000000,-0.140671,0.235721,0.201880,0.703070
135,1056.61,0.250,-11.070,0.0477,4.6505,0.0000,25.9279,2.8782,17.5477,0.0000,49.9326,0.0000,3.7136,0.0000,0.0000,0.0000,0.0000,0.0000,0.0000,0.0000,0.0000,0.0000,0.0000,0.0000,-0.418,-0.286,0.099,0.010,0.044,0.000000,-0.138151,0.237526,0.199168,0.701457
136,1055.61,0.250,-11.084,0.0463,4.6529,0.0000,25.8548,2.8678,17.6731,0.0000,49.9424,0.0000,3.6619,0.0000,0.0000,0.0000,0.0000,0.0000,0.0000,0.0000,0.0000,0.0000,0.0000,0.0000,-0.405,-0.278,0.096,0.010,0.043,0.000000,-0.135666,0.239343,0.196493,0.699829
137,1054.61,0.250,-11.098,0.0450,4.6553,0.0000,25.7814,2.8575,17.7993,0.0000,49.9508,0.0000,3.6110,0.0000,0.0000,0.0000,0.0000,0.0000,0.0000,0.0000,0.0000,0.0000,0.0000,0.0000,-0.393,-0.269,0.093,0.010,0.042,0.000000,-0.133215,0.241172,0.193856,0.698188
138,1053.61,0.250,-11.112,0.0437,4.6576,0.0000,25.7076,2.8474,17.9265,0.0000,49.9577,0.0000,3.5608,0.0000,0.0000,0.0000,0.0000,0.0000,0.0000,0.0000,0.0000,0.0000,0.0000,0.0000,-0.382,-0.261,0.091,0.009,0.040,0.000000,-0.130799,0.243013,0.191254,0.696532
139,1052.61,0.250,-11.125,0.0425,4.6600,0.0000,25.6336,2.8374,18.0545,0.0000,49.9633,0.0000,3.5113,0.0000,0.0000,0.0000,0.0000,0.0000,0.0000,0.0000,0.0000,0.0000,0.0000,0.0000,-0.370,-0.254,0.088,0.009,0.039,0.000000,-0.128415,0.244867,0.188687,0.694861
140,1051.61,0.250,-11.139,0.0414,4.6623,0.0000,25.5592,2.8276,18.1833,0.0000,49.9675,0.0000,3.4625,0.0000,0.0000,0.0000,0.0000,0.0000,0.0000,0.0000,0.0000,0.0000,0.0000,0.0000,-0.360,-0.246,0.086,0.009,0.038,0.000000,-0.126063,0.246733,0.186155,0.693176
141,1050.61,0.250,-11.153,0.0402,4.6646,0.0000,25.4844,2.8178,18.3131,0.0000,49.9703,0.0000,3.4144,0.0000,0.0000,0.0000,0.0000,0.0000,0.0000,0.0000,0.0000,0.0000,0.0000,0.0000,-0.349,-0.239,0.083,0.009,0.037,0.000000,-0.123743,0.248612,0.183655,0.691475
142,1049.61,0.250,-11.167,0.0392,4.6669,0.0000,25.4093,2.8082,18.4438,0.0000,49.9717,0.0000,3.3670,0.0000,0.0000,0.0000,0.0000,0.0000,0.0000,0.0000,0.0000,0.0000,0.0000,0.0000,-0.340,-0.232,0.081,0.008,0.036,0.000000,-0.121453,0.250504,0.181189,0.689760
143,1048.61,0.250,-11.181,0.0381,4.6691,0.0000,25.3338,2.7987,18.5755,0.0000,49.9719,0.0000,3.3202,0.0000,0.0000,0.0000,0.0000,0.0000,0.0000,0.0000,0.0000,0.0000,0.0000,0.0000,-0.330,-0.226,0.079,0.008,0.035,0.000000,-0.119193,0.252409,0.178755,0.688030
144,1047.61,0.250,-11.195,0.0371,4.6714,0.0000,25.2579,2.7893,18.7081,0.0000,49.9707,0.0000,3.2740,0.0000,0.0000,0.0000,0.0000,0.0000,0.0000,0.0000,0.0000,0.0000,0.0000,0.0000,-0.321,-0.220,0.077,0.008,0.034,0.000000,-0.116963,0.254327,0.176352,0.686284
145,1046.61,0.250,-11.209,0.0362,4.6736,0.0000,25.1816,2.7800,18.8416,0.0000,49.9682,0.0000,3.2285,0.0000,0.0000,0.0000,0.0000,0.0000,0.0000,0.0000,0.0000,0.0000,0.0000,0.0000,-0.312,-0.214,0.075,0.008,0.033,0.000000,-0.114761,0.256259,0.173979,0.684523
146,1045.61,0.250,-11.223,0.0353,4.6758,0.0000,25.1050,2.7708,18.9761,0.0000,49.9644,0.0000,3.1836,0.0000,0.0000,0.0000,0.0000,0.0000,0.0000,0.0000,0.0000,0.0000,0.0000,0.0000,-0.304,-0.208,0.073,0.008,0.032,0.000000,-0.112588,0.258205,0.171637,0.682746
147,1044.61,0.250,-11.237,0.0344,4.6780,0.0000,25.0279,2.7617,19.1117,0.0000,49.9594,0.0000,3.1393,0.0000,0.0000,0.0000,0.0000,0.0000,0.0000,0.0000,0.0000,0.0000,0.0000,0.0000,-0.296,-0.202,0.071,0.007,0.032,0.000000,-0.110442,0.260164,0.169324,0.680954
148,1043.61,0.250,-11.251,0.0336,4.6802,0.0000,24.9504,2.7528,19.2481,0.0000,49.9530,0.0000,3.0956,0.0000,0.0000,0.0000,0.0000,0.0000,0.0000,0.0000,0.0000,0.0000,0.0000,0.0000,-0.288,-0.197,0.069,0.007,0.031,0.000000,-0.108323,0.262138,0.167040,0.679145
149,1042.61,0.250,-11.265,0.0327,4.6824,0.0000,24.8725,2.7439,19.3857,0.0000,49.9455,0.0000,3.0525,0.0000,0.0000,0.0000,0.0000,0.0000,0.0000,0.0000,0.0000,0.0000,0.0000,0.0000,-0.281,-0.192,0.067,0.007,0.030,0.000000,-0.106230,0.264126,0.164783,0.677321
150,1041.61,0.250,-11.280,0.0320,4.6845,0.0000,24.7942,2.7351,19.5242,0.0000,49.9366,0.0000,3.0099,0.0000,0.0000,0.0000,0.0000,0.0000,0.0000,0.0000,0.0000,0.0000,0.0000,0.0000,-0.274,-0.187,0.066,0.007,0.029,0.000000,-0.104164,0.266129,0.162555,0.675480
151,1040.61,0.250,-11.294,0.0037,4.6847,0.0000,24.7951,2.7332,19.5230,0.0000,49.9416,0.0000,3.0070,0.0000,0.0000,0.0000,0.0000,0.0000,0.0000,0.0000,0.0000,0.0000,0.0000,0.0000,-0.031,-0.022,0.008,0.001,0.003,0.000000,-0.104053,0.266121,0.162405,0.675527
152,1039.61,0.250,-11.308,0.0489,4.6893,0.0000,24.7601,2.6787,19.5994,0.0000,50.0576,0.0000,2.9043,0.0000,0.0000,0.0000,0.0000,0.0000,0.0000,0.0000,0.0000,0.0000,0.0000,0.0000,-0.417,-0.285,0.101,0.010,0.045,0.000000,-0.099777,0.267451,0.157025,0.675300
153,1038.61,0.250,-11.322,0.0239,4.6910,0.0000,24.7213,2.6607,19.6778,0.0000,50.0681,0.0000,2.8720,0.0000,0.0000,0.0000,0.0000,0.0000,0.0000,0.0000,0.0000,0.0000,0.0000,0.0000,-0.204,-0.140,0.049,0.005,0.022,0.000000,-0.098453,0.268620,0.155340,0.674493
154,1037.61,0.250,-11.336,0.0235,4.6926,0.0000,24.6828,2.6429,19.7560,0.0000,50.0781,0.0000,2.8402,0.0000,0.0000,0.0000,0.0000,0.0000,0.0000,0.0000,0.0000,0.0000,0.0000,0.0000,-0.200,-0.137,0.048,0.005,0.021,0.000000,-0.097147,0.269786,0.153674,0.673686
155,1036.61,0.250,-11.350,0.0230,4.6943,0.0000,24.6443,2.6253,19.8339,0.0000,50.0877,0.0000,2.8087,0.0000,0.0000,0.0000,0.0000,0.0000,0.0000,0.0000,0.0000,0.0000,0.0000,0.0000,-0.196,-0.134,0.047,0.005,0.021,0.000000,-0.095856,0.270948,0.152027,0.672881
156,1035.61,0.250,-11.365,0.0394,4.6976,0.0000,24.5280,2.6242,20.0206,0.0000,50.0908,0.0000,2.7363,0.0000,0.0000,0.0000,0.0000,0.0000,0.0000,0.0000,0.0000,0.0000,0.0000,0.0000,-0.335,-0.229,0.081,0.008,0.036,0.000000,-0.092021,0.273676,0.148205,0.670141
157,1034.61,0.250,-11.379,0.0277,4.6995,0.0000,24.4421,2.6196,20.1732,0.0000,50.0632,0.0000,2.7019,0.0000,0.0000,0.0000,0.0000,0.0000,0.0000,0.0000,0.0000,0.0000,0.0000,0.0000,-0.235,-0.160,0.057,0.006,0.025,0.000000,-0.090285,0.275861,0.146390,0.668034
158,1033.61,0.250,-11.393,0.0271,4.7014,0.0000,24.3555,2.6151,20.3273,0.0000,50.0343,0.0000,2.6678,0.0000,0.0000,0.0000,0.0000,0.0000,0.0000,0.0000,0.0000,0.0000,0.0000,0.0000,-0.229,-0.157,0.055,0.006,0.025,0.000000,-0.088566,0.278067,0.144594,0.665904
159,1032.61,0.250,-11.408,0.0265,4.7033,0.0000,24.2682,2.6106,20.4829,0.0000,50.0043,0.0000,2.6340,0.0000,0.0000,0.0000,0.0000,0.0000,0.0000,0.0000,0.0000,0.0000,0.0000,0.0000,-0.224,-0.153,0.054,0.006,0.024,0.000000,-0.086863,0.280295,0.142815,0.663752
160,1031.61,0.250,-11.422,0.0259,4.7051,0.0000,24.1801,2.6063,20.6400,0.0000,49.9730,0.0000,2.6006,0.0000,0.0000,0.0000,0.0000,0.0000,0.0000,0.0000,0.0000,0.0000,0.0000,0.0000,-0.219,-0.150,0.053,0.006,0.024,0.000000,-0.085175,0.282545,0.141054,0.661576
161,1030.61,0.250,-11.436,0.0254,4.7070,0.0000,24.0913,2.6020,20.7986,0.0000,49.9406,0.0000,2.5676,0.0000,0.0000,0.0000,0.0000,0.0000,0.0000,0.0000,0.0000,0.0000,0.0000,0.0000,-0.214,-0.146,0.052,0.005,0.023,0.000000,-0.083504,0.284816,0.139310,0.659378
162,1029.61,0.250,-11.451,0.0249,4.7088,0.0000,24.0017,2.5977,20.9588,0.0000,49.9069,0.0000,2.5348,0.0000,0.0000,0.0000,0.0000,0.0000,0.0000,0.0000,0.0000,0.0000,0.0000,0.0000,-0.210,-0.143,0.051,0.005,0.023,0.000000,-0.081848,0.287110,0.137582,0.657156
163,1028.61,0.250,-11.465,0.0208,4.7119,0.0000,24.0537,2.5527,20.8701,0.0000,50.0648,0.0000,2.4585,0.0000,0.0000,0.0000,0.0000,0.0000,0.0000,0.0000,0.0000,0.0000,0.0000,0.0000,-0.175,-0.120,0.043,0.004,0.019,0.000000,-0.078732,0.286112,0.133543,0.659078
164,1027.61,0.250,-11.479,0.0190,4.7134,0.0000,24.0160,2.5362,20.9474,0.0000,50.0697,0.0000,2.4307,0.0000,0.0000,0.0000,0.0000,0.0000,0.0000,0.0000,0.0000,0.0000,0.0000,0.0000,-0.159,-0.109,0.039,0.004,0.017,0.000000,-0.077601,0.287266,0.132074,0.658261
165,1026.61,0.250,-11.494,0.0186,4.7149,0.0000,23.9785,2.5197,21.0243,0.0000,50.0743,0.0000,2.4032,0.0000,0.0000,0.0000,0.0000,0.0000,0.0000,0.0000,0.0000,0.0000,0.0000,0.0000,-0.156,-0.107,0.038,0.004,0.017,0.000000,-0.076485,0.288415,0.130623,0.657447
166,1025.61,0.250,-11.508,0.0183,4.7164,0.0000,23.9412,2.5034,21.1008,0.0000,50.0785,0.0000,2.3761,0.0000,0.0000,0.0000,0.0000,0.0000,0.0000,0.0000,0.0000,0.0000,0.0000,0.0000,-0.153,-0.105,0.037,0.004,0.017,0.000000,-0.075383,0.289557,0.129188,0.656638
167,1024.61,0.250,-11.523,0.0180,4.7178,0.0000,23.9042,2.4873,21.1768,0.0000,50.0826,0.0000,2.3492,0.0000,0.0000,0.0000,0.0000,0.0000,0.0000,0.0000,0.0000,0.0000,0.0000,0.0000,-0.150,-0.103,0.037,0.004,0.016,0.000000,-0.074296,0.290694,0.127771,0.655832
168,1023.61,0.250,-11.537,0.0176,4.7193,0.0000,23.8674,2.4712,21.2524,0.0000,50.0863,0.0000,2.3227,0.0000,0.0000,0.0000,0.0000,0.0000,0.0000,0.0000,0.0000,0.0000,0.0000,0.0000,-0.147,-0.101,0.036,0.004,0.016,0.000000,-0.073224,0.291824,0.126370,0.655030
169,1022.61,0.250,-11.552,0.0022,4.7194,0.0000,23.8674,2.4712,21.2524,0.0000,50.0863,0.0000,2.3227,0.0000,0.0000,0.0000,0.0000,0.0000,0.0000,0.0000,0.0000,0.0000,0.0000,0.0000,-0.018,-0.013,0.004,0.000,0.002,0.000000,-0.073224,0.291824,0.126370,0.655030
170,1021.61,0.250,-11.566,0.0439,4.7237,0.0000,23.7024,2.4581,21.5398,0.0000,50.0630,0.0000,2.2367,0.0000,0.0000,0.0000,0.0000,0.0000,0.0000,0.0000,0.0000,0.0000,0.0000,0.0000,-0.366,-0.250,0.089,0.009,0.040,0.000000,-0.068886,0.296026,0.121795,0.651064
171,1020.61,0.250,-11.581,0.0189,4.7255,0.0000,23.6470,2.4461,21.6433,0.0000,50.0592,0.0000,2.2043,0.0000,0.0000,0.0000,0.0000,0.0000,0.0000,0.0000,0.0000,0.0000,0.0000,0.0000,-0.157,-0.107,0.038,0.004,0.017,0.000000,-0.067403,0.297555,0.120074,0.649774
172,1019.61,0.250,-11.596,0.0185,4.7272,0.0000,23.5920,2.4342,21.7463,0.0000,50.0552,0.0000,2.1724,0.0000,0.0000,0.0000,0.0000,0.0000,0.0000,0.0000,0.0000,0.0000,0.0000,0.0000,-0.154,-0.105,0.038,0.004,0.017,0.000000,-0.065943,0.299077,0.118376,0.648491
173,1018.61,0.250,-11.610,0.0181,4.7289,0.0000,23.5373,2.4223,21.8488,0.0000,50.0508,0.0000,2.1409,0.0000,0.0000,0.0000,0.0000,0.0000,0.0000,0.0000,0.0000,0.0000,0.0000,0.0000,-0.150,-0.103,0.037,0.004,0.016,0.000000,-0.064505,0.300591,0.116699,0.647215
174,1017.61,0.250,-11.625,0.0177,4.7306,0.0000,23.4830,2.4104,21.9507,0.0000,50.0461,0.0000,2.1098,0.0000,0.0000,0.0000,0.0000,0.0000,0.0000,0.0000,0.0000,0.0000,0.0000,0.0000,-0.147,-0.100,0.036,0.004,0.016,0.000000,-0.063088,0.302097,0.115045,0.645946
175,1016.61,0.250,-11.640,0.0174,4.7323,0.0000,23.4292,2.3986,22.0520,0.0000,50.0411,0.0000,2.0791,0.0000,0.0000,0.0000,0.0000,0.0000,0.0000,0.0000,0.0000,0.0000,0.0000,0.0000,-0.144,-0.098,0.035,0.004,0.016,0.000000,-0.061692,0.303596,0.113411,0.644685
176,1015.61,0.250,-11.654,0.0170,4.7340,0.0000,23.3757,2.3868,22.1528,0.0000,50.0359,0.0000,2.0488,0.0000,0.0000,0.0000,0.0000,0.0000,0.0000,0.0000,0.0000,0.0000,0.0000,0.0000,-0.141,-0.096,0.034,0.004,0.015,0.000000,-0.060317,0.305087,0.111798,0.643431
177,1014.61,0.250,-11.669,0.0167,4.7356,0.0000,23.3226,2.3750,22.2530,0.0000,50.0304,0.0000,2.0190,0.0000,0.0000,0.0000,0.0000,0.0000,0.0000,0.0000,0.0000,0.0000,0.0000,0.0000,-0.138,-0.094,0.034,0.004,0.015,0.000000,-0.058962,0.306570,0.110206,0.642185
178,1013.61,0.250,-11.684,0.0163,4.7373,0.0000,23.2699,2.3632,22.3527,0.0000,50.0247,0.0000,1.9895,0.0000,0.0000,0.0000,0.0000,0.0000,0.0000,0.0000,0.0000,0.0000,0.0000,0.0000,-0.135,-0.092,0.033,0.003,0.015,0.000000,-0.057626,0.308045,0.108635,0.640947
179,1012.61,0.250,-11.698,0.0160,4.7389,0.0000,23.2176,2.3515,22.4517,0.0000,50.0187,0.0000,1.9605,0.0000,0.0000,0.0000,0.0000,0.0000,0.0000,0.0000,0.0000,0.0000,0.0000,0.0000,-0.132,-0.090,0.032,0.003,0.015,0.000000,-0.056311,0.309511,0.107083,0.639717
180,1011.61,0.250,-11.713,0.0157,4.7405,0.0000,23.1657,2.3398,22.5502,0.0000,50.0125,0.0000,1.9318,0.0000,0.0000,0.0000,0.0000,0.0000,0.0000,0.0000,0.0000,0.0000,0.0000,0.0000,-0.129,-0.088,0.032,0.003,0.014,0.000000,-0.055014,0.310970,0.105550,0.638494
181,1010.61,0.250,-11.728,0.0154,4.7421,0.0000,23.1142,2.3282,22.6480,0.0000,50.0062,0.0000,1.9035,0.0000,0.0000,0.0000,0.0000,0.0000,0.0000,0.0000,0.0000,0.0000,0.0000,0.0000,-0.126,-0.086,0.031,0.003,0.014,0.000000,-0.053737,0.312420,0.104037,0.637280
182,1009.61,0.250,-11.743,0.0151,4.7436,0.0000,23.0630,2.3165,22.7453,0.0000,49.9996,0.0000,1.8756,0.0000,0.0000,0.0000,0.0000,0.0000,0.0000,0.0000,0.0000,0.0000,0.0000,0.0000,-0.124,-0.085,0.030,0.003,0.014,0.000000,-0.052478,0.313862,0.102543,0.636073
183,1008.61,0.250,-11.758,0.0148,4.7452,0.0000,23.0123,2.3049,22.8419,0.0000,49.9928,0.0000,1.8480,0.0000,0.0000,0.0000,0.0000,0.0000,0.0000,0.0000,0.0000,0.0000,0.0000,0.0000,-0.121,-0.083,0.030,0.003,0.013,0.000000,-0.051238,0.315295,0.101068,0.634875
184,1007.61,0.250,-11.773,0.0145,4.7467,0.0000,22.9620,2.2934,22.9379,0.0000,49.9859,0.0000,1.8208,0.0000,0.0000,0.0000,0.0000,0.0000,0.0000,0.0000,0.0000,0.0000,0.0000,0.0000,-0.119,-0.081,0.029,0.003,0.013,0.000000,-0.050015,0.316719,0.099611,0.633686
185,1006.61,0.250,-11.787,0.0142,4.7483,0.0000,22.9121,2.2818,23.0333,0.0000,49.9788,0.0000,1.7939,0.0000,0.0000,0.0000,0.0000,0.0000,0.0000,0.0000,0.0000,0.0000,0.0000,0.0000,-0.116,-0.080,0.029,0.003,0.013,0.000000,-0.048810,0.318135,0.098171,0.632504
186,1005.61,0.250,-11.802,0.0139,4.7498,0.0000,22.8626,2.2703,23.1281,0.0000,49.9716,0.0000,1.7674,0.0000,0.0000,0.0000,0.0000,0.0000,0.0000,0.0000,0.0000,0.0000,0.0000,0.0000,-0.114,-0.078,0.028,0.003,0.013,0.000000,-0.047623,0.319542,0.096750,0.631331
187,1004.61,0.250,-11.817,0.0137,4.7513,0.0000,22.8135,2.2588,23.2222,0.0000,49.9642,0.0000,1.7412,0.0000,0.0000,0.0000,0.0000,0.0000,0.0000,0.0000,0.0000,0.0000,0.0000,0.0000,-0.112,-0.076,0.028,0.003,0.012,0.000000,-0.046452,0.320940,0.095346,0.630167
188,1003.61,0.250,-11.832,0.0134,4.7528,0.0000,22.7648,2.2474,23.3157,0.0000,49.9567,0.0000,1.7154,0.0000,0.0000,0.0000,0.0000,0.0000,0.0000,0.0000,0.0000,0.0000,0.0000,0.0000,-0.110,-0.075,0.027,0.003,0.012,0.000000,-0.045299,0.322329,0.093958,0.629011
189,1002.61,0.250,-11.847,0.0132,4.7543,0.0000,22.7166,2.2359,23.4086,0.0000,49.9491,0.0000,1.6898,0.0000,0.0000,0.0000,0.0000,0.0000,0.0000,0.0000,0.0000,0.0000,0.0000,0.0000,-0.107,-0.073,0.027,0.003,0.012,0.000000,-0.044161,0.323709,0.092588,0.627864
190,1001.61,0.250,-11.862,0.0129,4.7557,0.0000,22.6687,2.2245,23.5008,0.0000,49.9414,0.0000,1.6646,0.0000,0.0000,0.0000,0.0000,0.0000,0.0000,0.0000,0.0000,0.0000,0.0000,0.0000,-0.105,-0.072,0.026,0.003,0.012,0.000000,-0.043040,0.325080,0.091234,0.626726
191,1000.61,0.250,-11.877,0.0127,4.7572,0.0000,22.6212,2.2131,23.5923,0.0000,49.9336,0.0000,1.6397,0.0000,0.0000,0.0000,0.0000,0.0000,0.0000,0.0000,0.0000,0.0000,0.0000,0.0000,-0.103,-0.071,0.026,0.003,0.011,0.000000,-0.041935,0.326442,0.089896,0.625597
192,999.61,0.250,-11.892,0.0125,4.7586,0.0000,22.5742,2.2018,23.6832,0.0000,49.9257,0.0000,1.6152,0.0000,0.0000,0.0000,0.0000,0.0000,0.0000,0.0000,0.0000,0.0000,0.0000,0.0000,-0.101,-0.069,0.025,0.003,0.011,0.000000,-0.040845,0.327794,0.088575,0.624476
193,998.61,0.250,-11.907,0.0123,4.7601,0.0000,22.5275,2.1905,23.7734,0.0000,49.9177,0.0000,1.5909,0.0000,0.0000,0.0000,0.0000,0.0000,0.0000,0.0000,0.0000,0.0000,0.0000,0.0000,-0.099,-0.068,0.025,0.003,0.011,0.000000,-0.039771,0.329137,0.087268,0.623365
194,997.61,0.250,-11.923,0.0120,4.7615,0.0000,22.4813,2.1792,23.8630,0.0000,49.9096,0.0000,1.5669,0.0000,0.0000,0.0000,0.0000,0.0000,0.0000,0.0000,0.0000,0.0000,0.0000,0.0000,-0.097,-0.067,0.024,0.003,0.011,0.000000,-0.038712,0.330471,0.085978,0.622263
195,996.61,0.250,-11.938,0.0118,4.7629,0.0000,22.4355,2.1679,23.9519,0.0000,49.9015,0.0000,1.5432,0.0000,0.0000,0.0000,0.0000,0.0000,0.0000,0.0000,0.0000,0.0000,0.0000,0.0000,-0.096,-0.066,0.024,0.002,0.011,0.000000,-0.037667,0.331796,0.084702,0.621170
196,995.61,0.250,-11.953,0.0116,4.7643,0.0000,22.3901,2.1567,24.0401,0.0000,49.8933,0.0000,1.5198,0.0000,0.0000,0.0000,0.0000,0.0000,0.0000,0.0000,0.0000,0.0000,0.0000,0.0000,-0.094,-0.064,0.023,0.002,0.010,0.000000,-0.036637,0.333110,0.083441,0.620086
197,994.61,0.250,-11.968,0.0114,4.7657,0.0000,22.3451,2.1454,24.1276,0.0000,49.8851,0.0000,1.4967,0.0000,0.0000,0.0000,0.0000,0.0000,0.0000,0.0000,0.0000,0.0000,0.0000,0.0000,-0.092,-0.063,0.023,0.002,0.010,0.000000,-0.035621,0.334416,0.082194,0.619011
198,993.61,0.250,-11.983,0.0022,4.7658,0.0000,22.3451,2.1454,24.1276,0.0000,49.8851,0.0000,1.4967,0.0000,0.0000,0.0000,0.0000,0.0000,0.0000,0.0000,0.0000,0.0000,0.0000,0.0000,-0.018,-0.012,0.004,0.000,0.002,0.000000,-0.035621,0.334416,0.082194,0.619011
199,992.61,0.250,-11.998,0.0200,4.7684,0.0000,22.2572,2.1231,24.2993,0.0000,49.8690,0.0000,1.4515,0.0000,0.0000,0.0000,0.0000,0.0000,0.0000,0.0000,0.0000,0.0000,0.0000,0.0000,-0.161,-0.111,0.040,0.004,0.018,0.000000,-0.033642,0.336978,0.079755,0.616909
200,991.61,0.250,-12.014,0.0108,4.7697,0.0000,22.2134,2.1119,24.3847,0.0000,49.8607,0.0000,1.4292,0.0000,0.0000,0.0000,0.0000,0.0000,0.0000,0.0000,0.0000,0.0000,0.0000,0.0000,-0.087,-0.060,0.022,0.002,0.010,0.000000,-0.032668,0.338254,0.078550,0.615863
201,990.61,0.250,-12.029,0.0107,4.7711,0.0000,22.1701,2.1008,24.4695,0.0000,49.8524,0.0000,1.4072,0.0000,0.0000,0.0000,0.0000,0.0000,0.0000,0.0000,0.0000,0.0000,0.0000,0.0000,-0.086,-0.059,0.021,0.002,0.010,0.000000,-0.031706,0.339521,0.077359,0.614826
202,989.61,0.250,-12.044,0.0105,4.7724,0.0000,22.1272,2.0897,24.5536,0.0000,49.8441,0.0000,1.3854,0.0000,0.0000,0.0000,0.0000,0.0000,0.0000,0.0000,0.0000,0.0000,0.0000,0.0000,-0.084,-0.058,0.021,0.002,0.009,0.000000,-0.030758,0.340777,0.076182,0.613799
203,988.61,0.250,-12.060,0.0103,4.7737,0.0000,22.0848,2.0786,24.6370,0.0000,49.8358,0.0000,1.3638,0.0000,0.0000,0.0000,0.0000,0.0000,0.0000,0.0000,0.0000,0.0000,0.0000,0.0000,-0.083,-0.057,0.021,0.002,0.009,0.000000,-0.029822,0.342024,0.075017,0.612781
204,987.61,0.250,-12.075,0.0101,4.7750,0.0000,22.0427,2.0676,24.7196,0.0000,49.8276,0.0000,1.3425,0.0000,0.0000,0.0000,0.0000,0.0000,0.0000,0.0000,0.0000,0.0000,0.0000,0.0000,-0.081,-0.056,0.020,0.002,0.009,0.000000,-0.028899,0.343261,0.073865,0.611773
205,986.61,0.250,-12.090,0.0100,4.7763,0.0000,22.0011,2.0565,24.8016,0.0000,49.8193,0.0000,1.3215,0.0000,0.0000,0.0000,0.0000,0.0000,0.0000,0.0000,0.0000,0.0000,0.0000,0.0000,-0.080,-0.055,0.020,0.002,0.009,0.000000,-0.027988,0.344487,0.072726,0.610775
206,985.61,0.250,-12.106,0.0098,4.7776,0.0000,21.9599,2.0455,24.8828,0.0000,49.8111,0.0000,1.3007,0.0000,0.0000,0.0000,0.0000,0.0000,0.0000,0.0000,0.0000,0.0000,0.0000,0.0000,-0.078,-0.054,0.020,0.002,0.009,0.000000,-0.027089,0.345704,0.071599,0.609786
207,984.61,0.250,-12.121,0.0097,4.7788,0.0000,21.9191,2.0345,24.9634,0.0000,49.8029,0.0000,1.2801,0.0000,0.0000,0.0000,0.0000,0.0000,0.0000,0.0000,0.0000,0.0000,0.0000,0.0000,-0.077,-0.053,0.019,0.002,0.009,0.000000,-0.026202,0.346910,0.070484,0.608808
208,983.61,0.250,-12.137,0.0095,4.7801,0.0000,21.8784,2.0236,25.0437,0.0000,49.7946,0.0000,1.2597,0.0000,0.0000,0.0000,0.0000,0.0000,0.0000,0.0000,0.0000,0.0000,0.0000,0.0000,-0.076,-0.052,0.019,0.002,0.009,0.000000,-0.025322,0.348115,0.069377,0.607831
209,982.61,0.250,-12.152,0.0094,4.7813,0.0000,21.8388,2.0126,25.1222,0.0000,49.7867,0.0000,1.2396,0.0000,0.0000,0.0000,0.0000,0.0000,0.0000,0.0000,0.0000,0.0000,0.0000,0.0000,-0.075,-0.051,0.019,0.002,0.008,0.000000,-0.024463,0.349293,0.068290,0.606880
210,981.61,0.250,-12.168,0.0092,4.7826,0.0000,21.7993,2.0017,25.2006,0.0000,49.7787,0.0000,1.2197,0.0000,0.0000,0.0000,0.0000,0.0000,0.0000,0.0000,0.0000,0.0000,0.0000,0.0000,-0.073,-0.050,0.018,0.002,0.008,0.000000,-0.023611,0.350468,0.067211,0.605932
211,980.61,0.250,-12.183,0.0091,4.7838,0.0000,21.7602,1.9908,25.2782,0.0000,49.7707,0.0000,1.2001,0.0000,0.0000,0.0000,0.0000,0.0000,0.0000,0.0000,0.0000,0.0000,0.0000,0.0000,-0.072,-0.049,0.018,0.002,0.008,0.000000,-0.022769,0.351634,0.066142,0.604993
212,979.61,0.250,-12.199,0.0089,4.7850,0.0000,21.7216,1.9799,25.3551,0.0000,49.7628,0.0000,1.1806,0.0000,0.0000,0.0000,0.0000,0.0000,0.0000,0.0000,0.0000,0.0000,0.0000,0.0000,-0.071,-0.049,0.018,0.002,0.008,0.000000,-0.021939,0.352789,0.065085,0.604065
213,978.61,0.250,-12.214,0.0088,4.7862,0.0000,21.6833,1.9691,25.4313,0.0000,49.7550,0.0000,1.1613,0.0000,0.0000,0.0000,0.0000,0.0000,0.0000,0.0000,0.0000,0.0000,0.0000,0.0000,-0.070,-0.048,0.017,0.002,0.008,0.000000,-0.021119,0.353933,0.064039,0.603147
214,977.61,0.250,-12.230,0.0087,4.7874,0.0000,21.6455,1.9582,25.5067,0.0000,49.7473,0.0000,1.1423,0.0000,0.0000,0.0000,0.0000,0.0000,0.0000,0.0000,0.0000,0.0000,0.0000,0.0000,-0.069,-0.047,0.017,0.002,0.008,0.000000,-0.020309,0.355067,0.063003,0.602239
215,976.61,0.250,-12.245,0.0085,4.7886,0.0000,21.6082,1.9474,25.5813,0.0000,49.7397,0.0000,1.1234,0.0000,0.0000,0.0000,0.0000,0.0000,0.0000,0.0000,0.0000,0.0000,0.0000,0.0000,-0.068,-0.046,0.017,0.002,0.008,0.000000,-0.019510,0.356191,0.061978,0.601341
216,975.61,0.250,-12.261,0.0084,4.7898,0.0000,21.5712,1.9366,25.6553,0.0000,49.7321,0.0000,1.1048,0.0000,0.0000,0.0000,0.0000,0.0000,0.0000,0.0000,0.0000,0.0000,0.0000,0.0000,-0.066,-0.046,0.017,0.002,0.008,0.000000,-0.018721,0.357304,0.060963,0.600454
217,974.61,0.250,-12.277,0.0083,4.7910,0.0000,21.5347,1.9258,25.7284,0.0000,49.7247,0.0000,1.0863,0.0000,0.0000,0.0000,0.0000,0.0000,0.0000,0.0000,0.0000,0.0000,0.0000,0.0000,-0.065,-0.045,0.016,0.002,0.007,0.000000,-0.017942,0.358406,0.059959,0.599577
218,973.61,0.250,-12.292,0.0081,4.7922,0.0000,21.4987,1.9150,25.8008,0.0000,49.7174,0.0000,1.0681,0.0000,0.0000,0.0000,0.0000,0.0000,0.0000,0.0000,0.0000,0.0000,0.0000,0.0000,-0.064,-0.044,0.016,0.002,0.007,0.000000,-0.017172,0.359498,0.058964,0.598711
219,972.61,0.250,-12.308,0.0080,4.7933,0.0000,21.4630,1.9043,25.8725,0.0000,49.7102,0.0000,1.0500,0.0000,0.0000,0.0000,0.0000,0.0000,0.0000,0.0000,0.0000,0.0000,0.0000,0.0000,-0.063,-0.044,0.016,0.002,0.007,0.000000,-0.016412,0.360579,0.057979,0.597855
220,971.61,0.250,-12.324,0.0079,4.7944,0.0000,21.4278,1.8936,25.9434,0.0000,49.7031,0.0000,1.0321,0.0000,0.0000,0.0000,0.0000,0.0000,0.0000,0.0000,0.0000,0.0000,0.0000,0.0000,-0.062,-0.043,0.016,0.002,0.007,0.000000,-0.015662,0.361649,0.057004,0.597009
221,970.61,0.250,-12.340,0.0078,4.7956,0.0000,21.3930,1.8829,26.0136,0.0000,49.6961,0.0000,1.0144,0.0000,0.0000,0.0000,0.0000,0.0000,0.0000,0.0000,0.0000,0.0000,0.0000,0.0000,-0.061,-0.042,0.015,0.002,0.007,0.000000,-0.014921,0.362708,0.056039,0.596174
222,969.61,0.250,-12.355,0.0077,4.7967,0.0000,21.3587,1.8722,26.0830,0.0000,49.6893,0.0000,0.9968,0.0000,0.0000,0.0000,0.0000,0.0000,0.0000,0.0000,0.0000,0.0000,0.0000,0.0000,-0.061,-0.042,0.015,0.002,0.007,0.000000,-0.014189,0.363757,0.055083,0.595349
223,968.61,0.250,-12.371,0.0076,4.7978,0.0000,21.3247,1.8616,26.1516,0.0000,49.6826,0.0000,0.9795,0.0000,0.0000,0.0000,0.0000,0.0000,0.0000,0.0000,0.0000,0.0000,0.0000,0.0000,-0.060,-0.041,0.015,0.002,0.007,0.000000,-0.013465,0.364795,0.054136,0.594535
224,967.61,0.250,-12.387,0.0075,4.7989,0.0000,21.2913,1.8509,26.2195,0.0000,49.6760,0.0000,0.9623,0.0000,0.0000,0.0000,0.0000,0.0000,0.0000,0.0000,0.0000,0.0000,0.0000,0.0000,-0.059,-0.040,0.015,0.002,0.007,0.000000,-0.012751,0.365821,0.053198,0.593732
225,966.61,0.250,-12.403,0.0074,4.8000,0.0000,21.2579,1.8403,26.2871,0.0000,49.6694,0.0000,0.9453,0.0000,0.0000,0.0000,0.0000,0.0000,0.0000,0.0000,0.0000,0.0000,0.0000,0.0000,-0.058,-0.040,0.015,0.002,0.007,0.000000,-0.012043,0.366845,0.052267,0.592931
226,965.61,0.250,-12.419,0.0073,4.8011,0.0000,21.2256,1.8297,26.3529,0.0000,49.6633,0.0000,0.9285,0.0000,0.0000,0.0000,0.0000,0.0000,0.0000,0.0000,0.0000,0.0000,0.0000,0.0000,-0.057,-0.039,0.014,0.002,0.007,0.000000,-0.011348,0.367842,0.051349,0.592157
227,964.61,0.250,-12.435,0.0072,4.8022,0.0000,21.1934,1.8192,26.4185,0.0000,49.6572,0.0000,0.9118,0.0000,0.0000,0.0000,0.0000,0.0000,0.0000,0.0000,0.0000,0.0000,0.0000,0.0000,-0.056,-0.039,0.014,0.001,0.006,0.000000,-0.010660,0.368837,0.050438,0.591385
228,963.61,0.250,-12.451,0.0071,4.8033,0.0000,21.1616,1.8086,26.4833,0.0000,49.6512,0.0000,0.8953,0.0000,0.0000,0.0000,0.0000,0.0000,0.0000,0.0000,0.0000,0.0000,0.0000,0.0000,-0.055,-0.038,0.014,0.001,0.006,0.000000,-0.009979,0.369820,0.049536,0.590624
229,962.61,0.250,-12.467,0.0070,4.8043,0.0000,21.1303,1.7981,26.5473,0.0000,49.6454,0.0000,0.8790,0.0000,0.0000,0.0000,0.0000,0.0000,0.0000,0.0000,0.0000,0.0000,0.0000,0.0000,-0.055,-0.038,0.014,0.001,0.006,0.000000,-0.009307,0.370792,0.048642,0.589873
230,961.61,0.250,-12.483,0.0069,4.8054,0.0000,21.0993,1.7876,26.6106,0.0000,49.6397,0.0000,0.8628,0.0000,0.0000,0.0000,0.0000,0.0000,0.0000,0.0000,0.0000,0.0000,0.0000,0.0000,-0.054,-0.037,0.014,0.001,0.006,0.000000,-0.008642,0.371754,0.047756,0.589133
231,960.61,0.250,-12.499,0.0068,4.8065,0.0000,21.0688,1.7772,26.6731,0.0000,49.6342,0.0000,0.8467,0.0000,0.0000,0.0000,0.0000,0.0000,0.0000,0.0000,0.0000,0.0000,0.0000,0.0000,-0.053,-0.037,0.013,0.001,0.006,0.000000,-0.007986,0.372704,0.046878,0.588403
232,959.61,0.250,-12.515,0.0067,4.8075,0.0000,21.0388,1.7667,26.7348,0.0000,49.6288,0.0000,0.8309,0.0000,0.0000,0.0000,0.0000,0.0000,0.0000,0.0000,0.0000,0.0000,0.0000,0.0000,-0.052,-0.036,0.013,0.001,0.006,0.000000,-0.007337,0.373644,0.046009,0.587684
233,958.61,0.250,-12.531,0.0066,4.8085,0.0000,21.0091,1.7563,26.7958,0.0000,49.6236,0.0000,0.8152,0.0000,0.0000,0.0000,0.0000,0.0000,0.0000,0.0000,0.0000,0.0000,0.0000,0.0000,-0.052,-0.036,0.013,0.001,0.006,0.000000,-0.006696,0.374572,0.045148,0.586975
234,957.61,0.250,-12.547,0.0065,4.8096,0.0000,20.9799,1.7460,26.8560,0.0000,49.6186,0.0000,0.7996,0.0000,0.0000,0.0000,0.0000,0.0000,0.0000,0.0000,0.0000,0.0000,0.0000,0.0000,-0.051,-0.035,0.013,0.001,0.006,0.000000,-0.006062,0.375490,0.044295,0.586277
235,956.61,0.250,-12.563,0.0064,4.8106,0.0000,20.9511,1.7356,26.9155,0.0000,49.6137,0.0000,0.7842,0.0000,0.0000,0.0000,0.0000,0.0000,0.0000,0.0000,0.0000,0.0000,0.0000,0.0000,-0.050,-0.035,0.013,0.001,0.006,0.000000,-0.005436,0.376397,0.043450,0.585590
236,955.61,0.250,-12.579,0.0064,4.8116,0.0000,20.9227,1.7253,26.9742,0.0000,49.6090,0.0000,0.7689,0.0000,0.0000,0.0000,0.0000,0.0000,0.0000,0.0000,0.0000,0.0000,0.0000,0.0000,-0.049,-0.034,0.012,0.001,0.006,0.000000,-0.004817,0.377292,0.042612,0.584912
237,954.61,0.250,-12.595,0.0063,4.8126,0.0000,20.8947,1.7150,27.0321,0.0000,49.6044,0.0000,0.7538,0.0000,0.0000,0.0000,0.0000,0.0000,0.0000,0.0000,0.0000,0.0000,0.0000,0.0000,-0.049,-0.034,0.012,0.001,0.006,0.000000,-0.004205,0.378177,0.041782,0.584245
238,953.61,0.250,-12.612,0.0062,4.8136,0.0000,20.8671,1.7047,27.0893,0.0000,49.6000,0.0000,0.7388,0.0000,0.0000,0.0000,0.0000,0.0000,0.0000,0.0000,0.0000,0.0000,0.0000,0.0000,-0.048,-0.033,0.012,0.001,0.006,0.000000,-0.003600,0.379052,0.040960,0.583588
239,952.61,0.250,-12.628,0.0061,4.8146,0.0000,20.8396,1.6945,27.1463,0.0000,49.5955,0.0000,0.7240,0.0000,0.0000,0.0000,0.0000,0.0000,0.0000,0.0000,0.0000,0.0000,0.0000,0.0000,-0.048,-0.033,0.012,0.001,0.005,0.000000,-0.003001,0.379924,0.040144,0.582933
240,951.61,0.250,-12.644,0.0060,4.8155,0.0000,20.8132,1.6843,27.2014,0.0000,49.5918,0.0000,0.7093,0.0000,0.0000,0.0000,0.0000,0.0000,0.0000,0.0000,0.0000,0.0000,0.0000,0.0000,-0.047,-0.032,0.012,0.001,0.005,0.000000,-0.002411,0.380767,0.039338,0.582306
241,950.61,0.250,-12.660,0.0060,4.8165,0.0000,20.7869,1.6742,27.2564,0.0000,49.5879,0.0000,0.6947,0.0000,0.0000,0.0000,0.0000,0.0000,0.0000,0.0000,0.0000,0.0000,0.0000,0.0000,-0.046,-0.032,0.012,0.001,0.005,0.000000,-0.001827,0.381609,0.038539,0.581679
242,949.61,0.250,-12.677,0.0059,4.8175,0.0000,20.7606,1.6641,27.3112,0.0000,49.5839,0.0000,0.6803,0.0000,0.0000,0.0000,0.0000,0.0000,0.0000,0.0000,0.0000,0.0000,0.0000,0.0000,-0.046,-0.032,0.012,0.001,0.005,0.000000,-0.001248,0.382449,0.037745,0.581054
243,948.61,0.250,-12.693,0.0058,4.8184,0.0000,20.7354,1.6540,27.3640,0.0000,49.5806,0.0000,0.6660,0.0000,0.0000,0.0000,0.0000,0.0000,0.0000,0.0000,0.0000,0.0000,0.0000,0.0000,-0.045,-0.031,0.011,0.001,0.005,0.000000,-0.000679,0.383261,0.036961,0.580457
244,947.61,0.250,-12.709,0.0058,4.8193,0.0000,20.7102,1.6439,27.4167,0.0000,49.5773,0.0000,0.6519,0.0000,0.0000,0.0000,0.0000,0.0000,0.0000,0.0000,0.0000,0.0000,0.0000,0.0000,-0.044,-0.031,0.011,0.001,0.005,0.000000,-0.000114,0.384071,0.036182,0.579861
245,946.61,0.250,-12.726,0.0057,4.8203,0.0000,20.6855,1.6339,27.4687,0.0000,49.5741,0.0000,0.6379,0.0000,0.0000,0.0000,0.0000,0.0000,0.0000,0.0000,0.0000,0.0000,0.0000,0.0000,-0.044,-0.030,0.011,0.001,0.005,0.000000,0.000444,0.384870,0.035411,0.579275
246,945.61,0.250,-12.742,0.0056,4.8212,0.0000,20.6611,1.6239,27.5199,0.0000,49.5710,0.0000,0.6240,0.0000,0.0000,0.0000,0.0000,0.0000,0.0000,0.0000,0.0000,0.0000,0.0000,0.0000,-0.043,-0.030,0.011,0.001,0.005,0.000000,0.000996,0.385658,0.034647,0.578699
247,944.61,0.250,-12.759,0.0056,4.8221,0.0000,20.6372,1.6140,27.5704,0.0000,49.5682,0.0000,0.6102,0.0000,0.0000,0.0000,0.0000,0.0000,0.0000,0.0000,0.0000,0.0000,0.0000,0.0000,-0.043,-0.030,0.011,0.001,0.005,0.000000,0.001542,0.386436,0.033890,0.578133
248,943.61,0.250,-12.775,0.0080,4.8235,0.0000,20.5757,1.6043,27.6904,0.0000,49.5378,0.0000,0.5918,0.0000,0.0000,0.0000,0.0000,0.0000,0.0000,0.0000,0.0000,0.0000,0.0000,0.0000,-0.061,-0.042,0.016,0.002,0.007,0.000000,0.002356,0.388216,0.032871,0.576558
249,942.61,0.250,-12.792,0.0080,4.8249,0.0000,20.5124,1.5945,27.8142,0.0000,49.5060,0.0000,0.5730,0.0000,0.0000,0.0000,0.0000,0.0000,0.0000,0.0000,0.0000,0.0000,0.0000,0.0000,-0.061,-0.042,0.016,0.002,0.007,0.000000,0.003182,0.390051,0.031839,0.574929
250,941.61,0.250,-12.808,0.0078,4.8263,0.0000,20.4491,1.5846,27.9378,0.0000,49.4742,0.0000,0.5543,0.0000,0.0000,0.0000,0.0000,0.0000,0.0000,0.0000,0.0000,0.0000,0.0000,0.0000,-0.060,-0.042,0.015,0.002,0.007,0.000000,0.004005,0.391885,0.030808,0.573303
251,940.61,0.250,-12.825,0.0077,4.8277,0.0000,20.3860,1.5747,28.0611,0.0000,49.4425,0.0000,0.5357,0.0000,0.0000,0.0000,0.0000,0.0000,0.0000,0.0000,0.0000,0.0000,0.0000,0.0000,-0.059,-0.041,0.015,0.002,0.007,0.000000,0.004824,0.393716,0.029779,0.571681
252,939.61,0.250,-12.841,0.0076,4.8291,0.0000,20.3232,1.5647,28.1842,0.0000,49.4109,0.0000,0.5171,0.0000,0.0000,0.0000,0.0000,0.0000,0.0000,0.0000,0.0000,0.0000,0.0000,0.0000,-0.058,-0.040,0.015,0.002,0.007,0.000000,0.005638,0.395543,0.028754,0.570064
253,938.61,0.250,-12.858,0.0074,4.8305,0.0000,20.2606,1.5546,28.3067,0.0000,49.3794,0.0000,0.4986,0.0000,0.0000,0.0000,0.0000,0.0000,0.0000,0.0000,0.0000,0.0000,0.0000,0.0000,-0.057,-0.039,0.014,0.002,0.007,0.000000,0.006448,0.397365,0.027733,0.568455
254,937.61,0.250,-12.875,0.0073,4.8319,0.0000,20.1984,1.5446,28.4287,0.0000,49.3481,0.0000,0.4802,0.0000,0.0000,0.0000,0.0000,0.0000,0.0000,0.0000,0.0000,0.0000,0.0000,0.0000,-0.056,-0.039,0.014,0.002,0.007,0.000000,0.007251,0.399179,0.026717,0.566853
255,936.61,0.250,-12.891,0.0072,4.8333,0.0000,20.1365,1.5345,28.5501,0.0000,49.3169,0.0000,0.4619,0.0000,0.0000,0.0000,0.0000,0.0000,0.0000,0.0000,0.0000,0.0000,0.0000,0.0000,-0.055,-0.038,0.014,0.001,0.006,0.000000,0.008048,0.400985,0.025706,0.565260
256,935.61,0.250,-12.908,0.0070,4.8347,0.0000,20.0751,1.5244,28.6708,0.0000,49.2859,0.0000,0.4438,0.0000,0.0000,0.0000,0.0000,0.0000,0.0000,0.0000,0.0000,0.0000,0.0000,0.0000,-0.054,-0.037,0.014,0.001,0.006,0.000000,0.008839,0.402782,0.024702,0.563677
257,934.61,0.250,-12.925,0.0069,4.8360,0.0000,20.0141,1.5143,28.7907,0.0000,49.2552,0.0000,0.4258,0.0000,0.0000,0.0000,0.0000,0.0000,0.0000,0.0000,0.0000,0.0000,0.0000,0.0000,-0.052,-0.036,0.013,0.001,0.006,0.000000,0.009622,0.404568,0.023705,0.562106
258,933.61,0.250,-12.941,0.0068,4.8374,0.0000,19.9536,1.5042,28.9097,0.0000,49.2247,0.0000,0.4079,0.0000,0.0000,0.0000,0.0000,0.0000,0.0000,0.0000,0.0000,0.0000,0.0000,0.0000,-0.051,-0.036,0.013,0.001,0.006,0.000000,0.010398,0.406341,0.022715,0.560546
259,932.61,0.250,-12.958,0.0066,4.8388,0.0000,19.8936,1.4941,29.0278,0.0000,49.1944,0.0000,0.3901,0.0000,0.0000,0.0000,0.0000,0.0000,0.0000,0.0000,0.0000,0.0000,0.0000,0.0000,-0.050,-0.035,0.013,0.001,0.006,0.000000,0.011166,0.408102,0.021733,0.558999
260,931.61,0.250,-12.975,0.0065,4.8401,0.0000,19.8341,1.4840,29.1449,0.0000,49.1644,0.0000,0.3726,0.0000,0.0000,0.0000,0.0000,0.0000,0.0000,0.0000,0.0000,0.0000,0.0000,0.0000,-0.049,-0.034,0.013,0.001,0.006,0.000000,0.011926,0.409850,0.020759,0.557466
261,930.61,0.250,-12.992,0.0064,4.8415,0.0000,19.7752,1.4740,29.2610,0.0000,49.1346,0.0000,0.3552,0.0000,0.0000,0.0000,0.0000,0.0000,0.0000,0.0000,0.0000,0.0000,0.0000,0.0000,-0.048,-0.033,0.012,0.001,0.006,0.000000,0.012677,0.411582,0.019794,0.555946
262,929.61,0.250,-13.009,0.0062,4.8428,0.0000,19.7170,1.4639,29.3760,0.0000,49.1052,0.0000,0.3379,0.0000,0.0000,0.0000,0.0000,0.0000,0.0000,0.0000,0.0000,0.0000,0.0000,0.0000,-0.047,-0.033,0.012,0.001,0.006,0.000000,0.013420,0.413300,0.018838,0.554442
263,928.61,0.250,-13.026,0.0061,4.8441,0.0000,19.6593,1.4539,29.4898,0.0000,49.0761,0.0000,0.3209,0.0000,0.0000,0.0000,0.0000,0.0000,0.0000,0.0000,0.0000,0.0000,0.0000,0.0000,-0.046,-0.032,0.012,0.001,0.005,0.000000,0.014155,0.415001,0.017891,0.552953
264,927.61,0.250,-13.043,0.0060,4.8454,0.0000,19.6023,1.4440,29.6025,0.0000,49.0473,0.0000,0.3040,0.0000,0.0000,0.0000,0.0000,0.0000,0.0000,0.0000,0.0000,0.0000,0.0000,0.0000,-0.045,-0.031,0.012,0.001,0.005,0.000000,0.014880,0.416686,0.016954,0.551481
265,926.61,0.250,-13.060,0.0059,4.8467,0.0000,19.5459,1.4341,29.7139,0.0000,49.0189,0.0000,0.2873,0.0000,0.0000,0.0000,0.0000,0.0000,0.0000,0.0000,0.0000,0.0000,0.0000,0.0000,-0.045,-0.031,0.011,0.001,0.005,0.000000,0.015597,0.418353,0.016026,0.550025
266,925.61,0.250,-13.076,0.0058,4.8480,0.0000,19.4902,1.4242,29.8241,0.0000,48.9908,0.0000,0.2708,0.0000,0.0000,0.0000,0.0000,0.0000,0.0000,0.0000,0.0000,0.0000,0.0000,0.0000,-0.044,-0.030,0.011,0.001,0.005,0.000000,0.016305,0.420002,0.015108,0.548586
267,924.61,0.250,-13.093,0.0038,4.8481,0.0000,19.6189,1.3966,29.5999,0.0000,49.1291,0.0000,0.2555,0.0000,0.0000,0.0000,0.0000,0.0000,0.0000,0.0000,0.0000,0.0000,0.0000,0.0000,-0.029,-0.020,0.007,0.001,0.003,0.000000,0.016550,0.416905,0.014258,0.552288
